0 0.9278169014084507 0.640625 0.03873239436619718 0.12291666666666666
0 0.30809859154929575 0.728125 0.036384976525821594 0.23958333333333334
0 0.8591549295774648 0.6625 0.03051643192488263 0.16458333333333333
0 0.2640845070422535 0.7229166666666667 0.03403755868544601 0.21041666666666667
0 0.6220657276995305 0.6635416666666667 0.023474178403755867 0.11458333333333333
0 0.4618544600938967 0.721875 0.03990610328638498 0.21666666666666667
0 0.3368544600938967 0.7302083333333333 0.04107981220657277 0.22708333333333333
0 0.7511737089201878 0.66875 0.02699530516431925 0.13333333333333333
0 0.42488262910798125 0.6770833333333334 0.025821596244131457 0.12916666666666668
0 0.6443661971830986 0.6572916666666667 0.03051643192488263 0.1375
0 0.5610328638497653 0.675 0.02112676056338028 0.14791666666666667
0 0.5416666666666666 0.6739583333333333 0.025821596244131457 0.15416666666666667
0 0.5046948356807511 0.7125 0.03403755868544601 0.23333333333333334
0 0.375 0.684375 0.023474178403755867 0.12916666666666668
0 0.2863849765258216 0.7270833333333333 0.022300469483568074 0.22291666666666668
0 0.5651408450704225 0.671875 0.02464788732394366 0.13958333333333334
0 0.2975352112676056 0.7270833333333333 0.03990610328638498 0.22291666666666668