0 0.9237089201877934 0.6375 0.06572769953051644 0.26875
0 0.9735915492957746 0.6354166666666666 0.0528169014084507 0.31666666666666665
0 0.17018779342723006 0.65625 0.046948356807511735 0.20833333333333334
0 0.5434272300469484 0.6395833333333333 0.06338028169014084 0.2375
0 0.23884976525821597 0.6447916666666667 0.046948356807511735 0.18333333333333332
0 0.44072769953051644 0.5947916666666667 0.02464788732394366 0.12083333333333333
0 0.09272300469483569 0.6375 0.03051643192488263 0.15
0 0.7294600938967136 0.6 0.04342723004694836 0.1625
0 0.5052816901408451 0.6375 0.045774647887323945 0.26875
0 0.6038732394366197 0.6104166666666667 0.02464788732394366 0.14583333333333334
0 0.06807511737089202 0.6375 0.02699530516431925 0.1125
0 0.2963615023474178 0.6166666666666667 0.02112676056338028 0.12708333333333333
0 0.272887323943662 0.6302083333333334 0.022300469483568074 0.11041666666666666
0 0.3914319248826291 0.6208333333333333 0.02464788732394366 0.12916666666666668
0 0.8843896713615024 0.5916666666666667 0.03990610328638498 0.16666666666666666
0 0.1467136150234742 0.6177083333333333 0.02112676056338028 0.11875
0 0.6954225352112676 0.5958333333333333 0.035211267605633804 0.11041666666666666
0 0.37265258215962443 0.6 0.025821596244131457 0.125
0 0.1443661971830986 0.6260416666666667 0.01643192488262911 0.10416666666666667