0 0.1572769953051643 0.7822916666666667 0.11032863849765258 0.4270833333333333
0 0.8720657276995305 0.6614583333333334 0.046948356807511735 0.20416666666666666
0 0.22887323943661972 0.740625 0.0528169014084507 0.2708333333333333
0 0.38380281690140844 0.6864583333333333 0.02464788732394366 0.16041666666666668
0 0.5598591549295775 0.6791666666666667 0.03403755868544601 0.17708333333333334
0 0.4072769953051643 0.6864583333333333 0.03286384976525822 0.1625
0 0.9577464788732394 0.6197916666666666 0.03169014084507042 0.125
0 0.43896713615023475 0.6635416666666667 0.023474178403755867 0.10833333333333334
0 0.607981220657277 0.65 0.02464788732394366 0.13125
0 0.6719483568075117 0.64375 0.02112676056338028 0.11458333333333333
0 0.7447183098591549 0.665625 0.025821596244131457 0.15416666666666667
0 0.49471830985915494 0.6552083333333333 0.022300469483568074 0.11458333333333333
0 0.6396713615023474 0.6479166666666667 0.023474178403755867 0.09583333333333334
0 0.4630281690140845 0.65625 0.02112676056338028 0.08541666666666667
0 0.7200704225352113 0.6322916666666667 0.017605633802816902 0.08958333333333333
0 0.6561032863849765 0.6416666666666667 0.017605633802816902 0.10625