0 0.5803990610328639 0.728125 0.13849765258215962 0.5354166666666667
0 0.7881455399061033 0.5385416666666667 0.025821596244131457 0.125
0 0.3427230046948357 0.5927083333333333 0.03990610328638498 0.23333333333333334
0 0.1795774647887324 0.7364583333333333 0.17370892018779344 0.5166666666666667
0 0.8403755868544601 0.5291666666666667 0.01995305164319249 0.08125
0 0.4653755868544601 0.6135416666666667 0.03990610328638498 0.23958333333333334
0 0.06514084507042253 0.671875 0.0528169014084507 0.30625
0 0.7347417840375586 0.5510416666666667 0.02699530516431925 0.11041666666666666
0 0.025821596244131457 0.6708333333333333 0.051643192488262914 0.3229166666666667
0 0.3996478873239437 0.5677083333333334 0.025821596244131457 0.13541666666666666
0 0.44014084507042256 0.6114583333333333 0.03051643192488263 0.23125
0 0.30985915492957744 0.5739583333333333 0.03286384976525822 0.16875
0 0.41901408450704225 0.5604166666666667 0.02464788732394366 0.14166666666666666
0 0.48708920187793425 0.5916666666666667 0.02699530516431925 0.18958333333333333
0 0.8233568075117371 0.5270833333333333 0.015258215962441314 0.06666666666666667
0 0.1267605633802817 0.759375 0.0880281690140845 0.46458333333333335
0 0.37089201877934275 0.5604166666666667 0.022300469483568074 0.08541666666666667
0 0.2658450704225352 0.628125 0.06807511737089202 0.25625
0 0.5352112676056338 0.584375 0.03286384976525822 0.15
0 0.5076291079812206 0.5833333333333334 0.023474178403755867 0.15