0 0.8257042253521126 0.5802083333333333 0.08333333333333333 0.36875
0 0.6572769953051644 0.5458333333333333 0.056338028169014086 0.24791666666666667
0 0.7136150234741784 0.5385416666666667 0.056338028169014086 0.22291666666666668
0 0.4507042253521127 0.5552083333333333 0.03873239436619718 0.20208333333333334
0 0.7799295774647887 0.5802083333333333 0.04225352112676056 0.31875
0 0.477112676056338 0.55625 0.03873239436619718 0.18541666666666667
0 0.20657276995305165 0.59375 0.02112676056338028 0.11041666666666666
0 0.3221830985915493 0.5645833333333333 0.02699530516431925 0.13333333333333333
0 0.42194835680751175 0.5520833333333334 0.022300469483568074 0.12291666666666666
0 0.3996478873239437 0.553125 0.028169014084507043 0.12708333333333333
0 0.54518779342723 0.5375 0.03169014084507042 0.12708333333333333
0 0.8714788732394366 0.49166666666666664 0.036384976525821594 0.16041666666666668
0 0.8697183098591549 0.475 0.03169014084507042 0.12708333333333333
0 0.2811032863849765 0.5802083333333333 0.02112676056338028 0.10208333333333333