0 0.03169014084507042 0.8666666666666667 0.0528169014084507 0.2604166666666667
0 0.17194835680751175 0.834375 0.03755868544600939 0.24375
0 0.08392018779342723 0.86875 0.051643192488262914 0.25625
0 0.5134976525821596 0.7572916666666667 0.029342723004694836 0.1375
0 0.7834507042253521 0.7354166666666667 0.03990610328638498 0.14375
0 0.8767605633802817 0.7291666666666666 0.045774647887323945 0.17916666666666667
0 0.41784037558685444 0.778125 0.029342723004694836 0.1625
0 0.48532863849765256 0.7541666666666667 0.02699530516431925 0.11666666666666667
0 0.7171361502347418 0.7375 0.028169014084507043 0.13958333333333334
0 0.9360328638497653 0.7135416666666666 0.025821596244131457 0.125
0 0.3902582159624413 0.7833333333333333 0.03169014084507042 0.16875
0 0.8433098591549296 0.7364583333333333 0.03286384976525822 0.1625
0 0.1977699530516432 0.8385416666666666 0.03990610328638498 0.23125
0 0.6379107981220657 0.7416666666666667 0.02464788732394366 0.13333333333333333
0 0.2658450704225352 0.84375 0.03755868544600939 0.2625
0 0.44366197183098594 0.76875 0.029342723004694836 0.13541666666666666
0 0.3597417840375587 0.7625 0.01995305164319249 0.10208333333333333
0 0.3397887323943662 0.7635416666666667 0.02112676056338028 0.08958333333333333
0 0.3057511737089202 0.8239583333333333 0.04107981220657277 0.23333333333333334
0 0.4395539906103286 0.76875 0.022300469483568074 0.13125
0 0.4536384976525822 0.7677083333333333 0.02464788732394366 0.13333333333333333
0 0.2963615023474178 0.7520833333333333 0.028169014084507043 0.125
0 0.43603286384976525 0.765625 0.018779342723004695 0.12083333333333333