0 0.2142018779342723 0.78125 0.0892018779342723 0.42291666666666666
0 0.31690140845070425 0.859375 0.17018779342723006 0.27291666666666664
0 0.6942488262910798 0.6166666666666667 0.028169014084507043 0.11666666666666667
0 0.3703051643192488 0.6760416666666667 0.056338028169014086 0.15208333333333332
0 0.5246478873239436 0.6645833333333333 0.02699530516431925 0.14166666666666666
0 0.7893192488262911 0.6291666666666667 0.02464788732394366 0.125
0 0.7276995305164319 0.6135416666666667 0.017605633802816902 0.10416666666666667
0 0.6690140845070423 0.6145833333333334 0.023474178403755867 0.09166666666666666
0 0.7447183098591549 0.6145833333333334 0.025821596244131457 0.10833333333333334
0 0.15786384976525822 0.6552083333333333 0.03403755868544601 0.12083333333333333
0 0.6449530516431925 0.6072916666666667 0.014084507042253521 0.08958333333333333
0 0.43661971830985913 0.6260416666666667 0.02464788732394366 0.0875