0 0.7541079812206573 0.65625 0.03169014084507042 0.14583333333333334
0 0.8714788732394366 0.6510416666666666 0.03990610328638498 0.17916666666666667
0 0.5217136150234741 0.6885416666666667 0.03755868544600939 0.19791666666666666
0 0.5557511737089202 0.68125 0.03873239436619718 0.2
0 0.30927230046948356 0.725 0.04225352112676056 0.24583333333333332
0 0.2822769953051643 0.7229166666666667 0.03286384976525822 0.25
0 0.9495305164319249 0.6135416666666667 0.029342723004694836 0.11458333333333333
0 0.4647887323943662 0.6583333333333333 0.025821596244131457 0.12083333333333333
0 0.6502347417840375 0.640625 0.023474178403755867 0.12083333333333333
0 0.3984741784037559 0.665625 0.023474178403755867 0.125
0 0.3714788732394366 0.6958333333333333 0.03169014084507042 0.18541666666666667
0 0.6684272300469484 0.6375 0.022300469483568074 0.11458333333333333
0 0.5915492957746479 0.6510416666666666 0.023474178403755867 0.13958333333333334
0 0.4254694835680751 0.6625 0.01995305164319249 0.11458333333333333
0 0.49061032863849763 0.6604166666666667 0.022300469483568074 0.10416666666666667
0 0.9700704225352113 0.609375 0.023474178403755867 0.10625
0 0.3368544600938967 0.6947916666666667 0.02464788732394366 0.18125
0 0.687206572769953 0.64375 0.017605633802816902 0.08958333333333333
0 0.4254694835680751 0.6416666666666667 0.018779342723004695 0.07291666666666667
0 0.5733568075117371 0.6541666666666667 0.018779342723004695 0.13958333333333334