0 0.8444835680751174 0.5833333333333334 0.11854460093896714 0.6479166666666667
0 0.9683098591549296 0.484375 0.057511737089201875 0.34375
0 0.5880281690140845 0.503125 0.09507042253521127 0.42083333333333334
0 0.3403755868544601 0.51875 0.06807511737089202 0.39166666666666666
0 0.15082159624413147 0.4791666666666667 0.045774647887323945 0.325
0 0.2353286384976526 0.48125 0.07042253521126761 0.3416666666666667
0 0.3908450704225352 0.46458333333333335 0.057511737089201875 0.27291666666666664
0 0.44366197183098594 0.48854166666666665 0.05985915492957746 0.28958333333333336
0 0.9131455399061033 0.5 0.057511737089201875 0.30416666666666664
0 0.721244131455399 0.41354166666666664 0.045774647887323945 0.18125
0 0.653755868544601 0.45625 0.04342723004694836 0.25833333333333336
0 0.29401408450704225 0.4791666666666667 0.06572769953051644 0.3229166666666667
0 0.6156103286384976 0.45729166666666665 0.0539906103286385 0.33125