0 0.08098591549295775 0.6958333333333333 0.08098591549295775 0.5270833333333333
0 0.5651408450704225 0.5604166666666667 0.04929577464788732 0.28541666666666665
0 0.2881455399061033 0.684375 0.0892018779342723 0.46875
0 0.6349765258215962 0.578125 0.057511737089201875 0.2875
0 0.45129107981220656 0.596875 0.06690140845070422 0.32083333333333336
0 0.9043427230046949 0.4895833333333333 0.03403755868544601 0.175
0 0.8485915492957746 0.5 0.03051643192488263 0.16666666666666666
0 0.022300469483568074 0.6708333333333333 0.04460093896713615 0.4166666666666667
0 0.1784037558685446 0.5864583333333333 0.062206572769953054 0.23333333333333334
0 0.22711267605633803 0.5791666666666667 0.04225352112676056 0.22291666666666668
0 0.3609154929577465 0.5604166666666667 0.035211267605633804 0.18958333333333333
0 0.5334507042253521 0.553125 0.03286384976525822 0.21666666666666667
0 0.511150234741784 0.5427083333333333 0.029342723004694836 0.22708333333333333
0 0.20305164319248825 0.5489583333333333 0.025821596244131457 0.15208333333333332
0 0.4184272300469484 0.5916666666666667 0.03755868544600939 0.2916666666666667
0 0.33098591549295775 0.5666666666666667 0.04107981220657277 0.21666666666666667
0 0.721244131455399 0.48541666666666666 0.018779342723004695 0.07083333333333333
0 0.7764084507042254 0.48125 0.01995305164319249 0.06458333333333334