0 0.26173708920187794 0.709375 0.17018779342723006 0.5604166666666667
0 0.789906103286385 0.7041666666666667 0.2652582159624413 0.575
0 0.8233568075117371 0.5208333333333334 0.028169014084507043 0.14375
0 0.023474178403755867 0.675 0.046948356807511735 0.37083333333333335
0 0.5633802816901409 0.56875 0.04460093896713615 0.2375
0 0.4307511737089202 0.525 0.02464788732394366 0.10625
0 0.09272300469483569 0.6927083333333334 0.12910798122065728 0.5375
0 0.49119718309859156 0.5885416666666666 0.0539906103286385 0.27708333333333335
0 0.6062206572769953 0.5739583333333333 0.04225352112676056 0.24375
0 0.8761737089201878 0.509375 0.036384976525821594 0.15208333333333332
0 0.36619718309859156 0.5604166666666667 0.04225352112676056 0.25625
0 0.46068075117370894 0.5947916666666667 0.04460093896713615 0.25416666666666665
0 0.14906103286384975 0.665625 0.04929577464788732 0.3770833333333333
0 0.5305164319248826 0.5427083333333333 0.03403755868544601 0.19375
0 0.9688967136150235 0.496875 0.023474178403755867 0.07916666666666666
0 0.2282863849765258 0.5510416666666667 0.05868544600938967 0.15416666666666667
0 0.18485915492957747 0.6583333333333333 0.05868544600938967 0.38333333333333336
0 0.06572769953051644 0.684375 0.07981220657276995 0.5270833333333333
0 0.11150234741784038 0.7239583333333334 0.0892018779342723 0.44166666666666665