0 0.06145833333333333 0.5504629629629629 0.03854166666666667 0.2
0 0.55859375 0.21296296296296297 0.03697916666666667 0.16944444444444445
0 0.21458333333333332 0.3486111111111111 0.03697916666666667 0.1685185185185185
0 0.65703125 0.9162037037037037 0.053125 0.1675925925925926
0 0.7940104166666667 0.913425925925926 0.05625 0.17314814814814813
0 0.7083333333333334 0.5458333333333333 0.035416666666666666 0.1925925925925926
0 0.48671875 0.9106481481481481 0.04739583333333333 0.1787037037037037
0 0.33098958333333334 0.7898148148148149 0.042708333333333334 0.19722222222222222
0 0.5760416666666667 0.950925925925926 0.05364583333333333 0.09722222222222222
0 0.5505208333333333 0.8175925925925925 0.05572916666666667 0.2175925925925926
0 0.4473958333333333 0.3773148148148148 0.033854166666666664 0.175
0 0.39869791666666665 0.6601851851851852 0.030729166666666665 0.2064814814814815
0 0.9346354166666667 0.5546296296296296 0.051041666666666666 0.21851851851851853
0 0.57421875 0.337037037037037 0.0375 0.18055555555555555
0 0.41770833333333335 0.3384259259259259 0.03177083333333333 0.18888888888888888
0 0.8690104166666667 0.37222222222222223 0.033854166666666664 0.1787037037037037
0 0.46380208333333334 0.20879629629629629 0.025520833333333333 0.1425925925925926
0 0.17890625 0.19074074074074074 0.029166666666666667 0.19444444444444445
0 0.48880208333333336 0.2162037037037037 0.025 0.1388888888888889
0 0.23697916666666666 0.21481481481481482 0.03177083333333333 0.16666666666666666
0 0.9255208333333333 0.31157407407407406 0.034895833333333334 0.16944444444444445
0 0.14817708333333332 0.19166666666666668 0.035416666666666666 0.17407407407407408