0 0.0609375 0.5879629629629629 0.0375 0.19907407407407407
0 0.6390625 0.9018518518518519 0.0484375 0.1962962962962963
0 0.5575520833333333 0.18935185185185185 0.03333333333333333 0.1638888888888889
0 0.7083333333333334 0.5449074074074074 0.034895833333333334 0.18796296296296297
0 0.5526041666666667 0.8453703703703703 0.058333333333333334 0.22962962962962963
0 0.5125 0.9217592592592593 0.0375 0.15648148148148147
0 0.7325520833333333 0.8296296296296296 0.057291666666666664 0.19907407407407407
0 0.9182291666666667 0.5162037037037037 0.04583333333333333 0.20925925925925926
0 0.45026041666666666 0.3712962962962963 0.03125 0.16666666666666666
0 0.209375 0.33055555555555555 0.0328125 0.16666666666666666
0 0.5604166666666667 0.3523148148148148 0.03177083333333333 0.17222222222222222
0 0.9122395833333333 0.28888888888888886 0.030729166666666665 0.15648148148148147
0 0.40963541666666664 0.674537037037037 0.042708333333333334 0.20925925925925926
0 0.41875 0.3388888888888889 0.03125 0.19074074074074074
0 0.3296875 0.7865740740740741 0.04375 0.1925925925925926
0 0.8591145833333333 0.34814814814814815 0.035416666666666666 0.17407407407407408
0 0.42161458333333335 0.19814814814814816 0.03229166666666667 0.14166666666666666
0 0.48359375 0.20277777777777778 0.022916666666666665 0.13796296296296295
0 0.7296875 0.663425925925926 0.050520833333333334 0.20833333333333334
0 0.45416666666666666 0.1935185185185185 0.0203125 0.13796296296296295
0 0.14791666666666667 0.1824074074074074 0.0328125 0.1925925925925926
0 0.7359375 0.6537037037037037 0.028645833333333332 0.17592592592592593