0 0.61640625 0.7476958525345622 0.071875 0.1497695852534562
0 0.309375 0.7546082949308756 0.0640625 0.3064516129032258
0 0.540625 0.782258064516129 0.0953125 0.14746543778801843
0 0.6953125 0.7258064516129032 0.084375 0.15207373271889402
0 0.19375 0.5794930875576036 0.065625 0.14516129032258066
0 0.484375 0.6774193548387096 0.059375 0.10138248847926268
0 0.66484375 0.8640552995391705 0.109375 0.22580645161290322
0 0.5671875 0.8882488479262672 0.0984375 0.17972350230414746
0 0.38203125 0.7741935483870968 0.0625 0.27419354838709675
0 0.4625 0.8087557603686636 0.0671875 0.1497695852534562
0 0.93359375 0.6267281105990783 0.0484375 0.06912442396313365