0 0.05260416666666667 0.6342592592592593 0.044270833333333336 0.20925925925925926
0 0.5419270833333333 0.37777777777777777 0.0359375 0.1814814814814815
0 0.5528645833333333 0.8888888888888888 0.058333333333333334 0.2222222222222222
0 0.19140625 0.3074074074074074 0.03177083333333333 0.16203703703703703
0 0.5497395833333333 0.15925925925925927 0.03333333333333333 0.16666666666666666
0 0.7080729166666667 0.5467592592592593 0.035416666666666666 0.1925925925925926
0 0.33229166666666665 0.8032407407407407 0.03854166666666667 0.19166666666666668
0 0.4158854166666667 0.6893518518518519 0.03802083333333333 0.2074074074074074
0 0.634375 0.8782407407407408 0.04739583333333333 0.22407407407407406
0 0.44895833333333335 0.3675925925925926 0.03177083333333333 0.17592592592592593
0 0.884375 0.4708333333333333 0.044270833333333336 0.20462962962962963
0 0.41744791666666664 0.3384259259259259 0.03125 0.1925925925925926
0 0.23151041666666666 0.25787037037037036 0.03333333333333333 0.16944444444444445
0 0.6453125 0.6995370370370371 0.05260416666666667 0.17777777777777778
0 0.6997395833333333 0.9601851851851851 0.046875 0.07962962962962963
0 0.9739583333333334 0.4935185185185185 0.035416666666666666 0.14814814814814814
0 0.7356770833333334 0.6652777777777777 0.0296875 0.2101851851851852
0 0.7744791666666667 0.9694444444444444 0.0421875 0.06111111111111111
0 0.47369791666666666 0.18287037037037038 0.0234375 0.13796296296296295
0 0.7325520833333333 0.6694444444444444 0.04479166666666667 0.22314814814814815
0 0.2872395833333333 0.22361111111111112 0.023958333333333335 0.14351851851851852
0 0.9036458333333334 0.2662037037037037 0.029166666666666667 0.15555555555555556
0 0.15651041666666668 0.25046296296296294 0.028125 0.16111111111111112
0 0.7966145833333333 0.09675925925925925 0.023958333333333335 0.11018518518518519
0 0.91328125 0.45694444444444443 0.034375 0.1814814814814815
0 0.9885416666666667 0.2967592592592593 0.022916666666666665 0.17962962962962964
0 0.8479166666666667 0.32175925925925924 0.0359375 0.17407407407407408