0 0.6794270833333333 0.9449074074074074 0.0484375 0.11018518518518519
0 0.4513020833333333 0.8652777777777778 0.04791666666666667 0.22777777777777777
0 0.7080729166666667 0.5453703703703704 0.0359375 0.1925925925925926
0 0.5479166666666667 0.912962962962963 0.05520833333333333 0.17407407407407408
0 0.5520833333333334 0.26805555555555555 0.035416666666666666 0.17592592592592593
0 0.8864583333333333 0.40555555555555556 0.040625 0.18425925925925926
0 0.60859375 0.3087962962962963 0.03125 0.17222222222222222
0 0.5510416666666667 0.7597222222222222 0.04895833333333333 0.2111111111111111
0 0.2234375 0.37777777777777777 0.0375 0.17222222222222222
0 0.43359375 0.3875 0.0359375 0.18518518518518517
0 0.33125 0.7893518518518519 0.043229166666666666 0.18981481481481483
0 0.061197916666666664 0.5101851851851852 0.034895833333333334 0.1648148148148148
0 0.39921875 0.6657407407407407 0.03802083333333333 0.1925925925925926
0 0.49765625 0.24305555555555555 0.023958333333333335 0.14074074074074075
0 0.8682291666666667 0.18472222222222223 0.0296875 0.16111111111111112
0 0.9166666666666666 0.4050925925925926 0.027604166666666666 0.15925925925925927
0 0.9497395833333333 0.35324074074074074 0.0359375 0.17314814814814813
0 0.47291666666666665 0.24351851851851852 0.026041666666666668 0.13796296296296295
0 0.9627604166666667 0.5981481481481481 0.0421875 0.18703703703703703
0 0.8997395833333334 0.27546296296296297 0.0328125 0.13703703703703704
0 0.540625 0.06851851851851852 0.027604166666666666 0.13425925925925927
0 0.7361979166666667 0.674074074074074 0.027604166666666666 0.2175925925925926
0 0.73046875 0.6708333333333333 0.05 0.22685185185185186
0 0.48203125 0.06944444444444445 0.022395833333333334 0.1388888888888889
0 0.21354166666666666 0.2310185185185185 0.03333333333333333 0.16944444444444445
0 0.41510416666666666 0.3226851851851852 0.029166666666666667 0.15833333333333333
0 0.5127604166666667 0.0625 0.027083333333333334 0.125