0 0.4817708333333333 0.9055555555555556 0.044270833333333336 0.18888888888888888
0 0.6614583333333334 0.9217592592592593 0.057291666666666664 0.15648148148148147
0 0.5765625 0.3314814814814815 0.03854166666666667 0.175
0 0.5583333333333333 0.22314814814814815 0.034375 0.17407407407407408
0 0.06197916666666667 0.5462962962962963 0.036458333333333336 0.19444444444444445
0 0.7080729166666667 0.5453703703703704 0.035416666666666666 0.19166666666666668
0 0.5713541666666667 0.9481481481481482 0.059375 0.10277777777777777
0 0.55078125 0.8134259259259259 0.05364583333333333 0.2222222222222222
0 0.21666666666666667 0.3486111111111111 0.030729166666666665 0.16574074074074074
0 0.8041666666666667 0.9231481481481482 0.05677083333333333 0.1537037037037037
0 0.33046875 0.7916666666666666 0.043229166666666666 0.19537037037037036
0 0.41770833333333335 0.3375 0.03177083333333333 0.18981481481481483
0 0.44583333333333336 0.3787037037037037 0.0359375 0.175
0 0.39739583333333334 0.6597222222222222 0.0328125 0.2074074074074074
0 0.8705729166666667 0.37546296296296294 0.0359375 0.17592592592592593
0 0.9395833333333333 0.5574074074074075 0.046875 0.23148148148148148
0 0.490625 0.21851851851851853 0.024479166666666666 0.13796296296296295
0 0.46432291666666664 0.21064814814814814 0.025520833333333333 0.14074074074074075
0 0.9015625 0.37453703703703706 0.03229166666666667 0.16296296296296298
0 0.14817708333333332 0.19166666666666668 0.033854166666666664 0.1712962962962963
0 0.1796875 0.2013888888888889 0.030729166666666665 0.17685185185185184
0 0.9276041666666667 0.3175925925925926 0.034375 0.1648148148148148
0 0.4315104166666667 0.20046296296296295 0.0234375 0.12962962962962962
0 0.86796875 0.24074074074074073 0.027604166666666666 0.13796296296296295
0 0.73515625 0.662962962962963 0.028645833333333332 0.2037037037037037