0 0.4796875 0.9050925925925926 0.044270833333333336 0.18981481481481483
0 0.0625 0.5453703703703704 0.035416666666666666 0.1935185185185185
0 0.6638020833333333 0.9226851851851852 0.059375 0.15462962962962962
0 0.58046875 0.3296296296296296 0.035416666666666666 0.17314814814814813
0 0.5567708333333333 0.22546296296296298 0.03333333333333333 0.16666666666666666
0 0.55 0.8125 0.05416666666666667 0.225
0 0.70859375 0.5467592592592593 0.0359375 0.19166666666666668
0 0.5697916666666667 0.9462962962962963 0.06197916666666667 0.10648148148148148
0 0.21901041666666668 0.35324074074074074 0.03177083333333333 0.1638888888888889
0 0.33046875 0.7912037037037037 0.043229166666666666 0.1935185185185185
0 0.39791666666666664 0.6601851851851852 0.03125 0.20925925925925926
0 0.80859375 0.9296296296296296 0.06614583333333333 0.14074074074074075
0 0.41796875 0.3375 0.03229166666666667 0.18796296296296297
0 0.9463541666666667 0.5574074074074075 0.04583333333333333 0.21944444444444444
0 0.44557291666666665 0.37777777777777777 0.035416666666666666 0.175
0 0.8697916666666666 0.37453703703703706 0.034895833333333334 0.17685185185185184
0 0.14817708333333332 0.19027777777777777 0.034375 0.17222222222222222
0 0.9291666666666667 0.31805555555555554 0.03125 0.16574074074074074
0 0.18020833333333333 0.2 0.03333333333333333 0.17962962962962964
0 0.8697916666666666 0.24444444444444444 0.0296875 0.1361111111111111
0 0.46458333333333335 0.21064814814814814 0.024479166666666666 0.14444444444444443
0 0.89921875 0.37037037037037035 0.027083333333333334 0.1685185185185185
0 0.49166666666666664 0.2199074074074074 0.023958333333333335 0.13796296296296295
0 0.7315104166666667 0.6699074074074074 0.04739583333333333 0.22037037037037038
0 0.7348958333333333 0.6657407407407407 0.028645833333333332 0.2064814814814815
0 0.4317708333333333 0.2013888888888889 0.021875 0.12962962962962962
0 0.23776041666666667 0.2152777777777778 0.0296875 0.16296296296296298