0 0.6645833333333333 0.9263888888888889 0.057291666666666664 0.14722222222222223
0 0.56796875 0.9388888888888889 0.0578125 0.12222222222222222
0 0.5489583333333333 0.8101851851851852 0.05572916666666667 0.23055555555555557
0 0.062239583333333334 0.5398148148148149 0.03802083333333333 0.2
0 0.4713541666666667 0.9023148148148148 0.04479166666666667 0.19537037037037036
0 0.5541666666666667 0.22962962962962963 0.034895833333333334 0.17222222222222222
0 0.7083333333333334 0.5462962962962963 0.035416666666666666 0.1935185185185185
0 0.5875 0.32916666666666666 0.03125 0.16944444444444445
0 0.22135416666666666 0.35324074074074074 0.03125 0.1574074074074074
0 0.3307291666666667 0.7912037037037037 0.042708333333333334 0.19537037037037036
0 0.8247395833333333 0.9449074074074074 0.0640625 0.11018518518518519
0 0.9502604166666667 0.5662037037037037 0.05 0.2351851851851852
0 0.3971354166666667 0.6587962962962963 0.03229166666666667 0.21388888888888888
0 0.4440104166666667 0.3763888888888889 0.033854166666666664 0.1814814814814815
0 0.49270833333333336 0.22546296296296298 0.0234375 0.1398148148148148
0 0.8627604166666667 0.16157407407407406 0.027604166666666666 0.14907407407407408
0 0.4171875 0.3384259259259259 0.030729166666666665 0.18611111111111112
0 0.14791666666666667 0.1912037037037037 0.0359375 0.17314814814814813
0 0.8705729166666667 0.37824074074074077 0.035416666666666666 0.16944444444444445
0 0.18359375 0.2023148148148148 0.034375 0.16666666666666666
0 0.8736979166666666 0.2513888888888889 0.029166666666666667 0.1259259259259259
0 0.465625 0.2175925925925926 0.022395833333333334 0.1527777777777778
0 0.73515625 0.662962962962963 0.030208333333333334 0.20555555555555555
0 0.9296875 0.31805555555555554 0.03177083333333333 0.16111111111111112
0 0.7315104166666667 0.6666666666666666 0.04583333333333333 0.21851851851851853
0 0.43203125 0.21203703703703702 0.022916666666666665 0.14907407407407408
0 0.9044270833333333 0.38101851851851853 0.03229166666666667 0.16574074074074074