0 0.6622395833333333 0.9324074074074075 0.046875 0.13518518518518519
0 0.5528645833333333 0.24537037037037038 0.036458333333333336 0.17777777777777778
0 0.45729166666666665 0.8930555555555556 0.05 0.21388888888888888
0 0.5630208333333333 0.9282407407407407 0.052083333333333336 0.14351851851851852
0 0.0609375 0.5199074074074074 0.041666666666666664 0.19907407407407407
0 0.22395833333333334 0.36203703703703705 0.034895833333333334 0.1712962962962963
0 0.5489583333333333 0.787962962962963 0.05520833333333333 0.22037037037037038
0 0.7078125 0.5453703703703704 0.034375 0.18796296296296297
0 0.3307291666666667 0.7916666666666666 0.04375 0.1935185185185185
0 0.59375 0.3226851851851852 0.03229166666666667 0.17222222222222222
0 0.4395833333333333 0.37777777777777777 0.034375 0.18055555555555555
0 0.9536458333333333 0.5805555555555556 0.041666666666666664 0.19814814814814816
0 0.3997395833333333 0.6601851851851852 0.027083333333333334 0.20462962962962963
0 0.41692708333333334 0.3375 0.03177083333333333 0.18888888888888888
0 0.49296875 0.22916666666666666 0.025 0.14074074074074075
0 0.8635416666666667 0.1712962962962963 0.0296875 0.15833333333333333
0 0.46822916666666664 0.22592592592592592 0.021354166666666667 0.14722222222222223
0 0.14895833333333333 0.19074074074074074 0.034375 0.175
0 0.8380208333333333 0.9675925925925926 0.05416666666666667 0.06481481481481481
0 0.93515625 0.3333333333333333 0.034895833333333334 0.175
0 0.7356770833333334 0.662962962962963 0.03229166666666667 0.20555555555555555
0 0.7302083333333333 0.6652777777777777 0.04895833333333333 0.21944444444444444
0 0.434375 0.21435185185185185 0.027083333333333334 0.14814814814814814
0 0.88125 0.2587962962962963 0.0296875 0.13333333333333333
0 0.18776041666666668 0.19675925925925927 0.030729166666666665 0.16296296296296298
0 0.9072916666666667 0.3888888888888889 0.03229166666666667 0.16574074074074074