0 0.6770833333333334 0.9430555555555555 0.0484375 0.11388888888888889
0 0.553125 0.2638888888888889 0.03802083333333333 0.17685185185185184
0 0.45026041666666666 0.8689814814814815 0.0484375 0.22777777777777777
0 0.5513020833333333 0.762962962962963 0.04895833333333333 0.21203703703703702
0 0.22291666666666668 0.37962962962962965 0.04010416666666667 0.17592592592592593
0 0.7078125 0.5462962962962963 0.036458333333333336 0.1935185185185185
0 0.33203125 0.7898148148148149 0.0421875 0.18981481481481483
0 0.4979166666666667 0.24351851851851852 0.0234375 0.1398148148148148
0 0.8864583333333333 0.4074074074074074 0.03958333333333333 0.17777777777777778
0 0.43255208333333334 0.38657407407407407 0.0375 0.18333333333333332
0 0.6067708333333334 0.3101851851851852 0.03177083333333333 0.1712962962962963
0 0.54921875 0.9148148148148149 0.0546875 0.17037037037037037
0 0.9151041666666667 0.40555555555555556 0.0296875 0.15833333333333333
0 0.39921875 0.6736111111111112 0.034895833333333334 0.2111111111111111
0 0.8671875 0.18518518518518517 0.029166666666666667 0.15833333333333333
0 0.06145833333333333 0.5092592592592593 0.0328125 0.1675925925925926
0 0.47421875 0.24166666666666667 0.023958333333333335 0.1388888888888889
0 0.9481770833333333 0.35 0.034375 0.1648148148148148
0 0.8979166666666667 0.26157407407407407 0.0296875 0.11203703703703703
0 0.9604166666666667 0.5958333333333333 0.04114583333333333 0.18055555555555555
0 0.7299479166666667 0.6708333333333333 0.0484375 0.22685185185185186
0 0.5403645833333334 0.06944444444444445 0.028125 0.13518518518518519
0 0.73515625 0.6689814814814815 0.029166666666666667 0.21388888888888888
0 0.43802083333333336 0.21712962962962962 0.030208333333333334 0.15462962962962962
0 0.41510416666666666 0.3226851851851852 0.029166666666666667 0.1574074074074074
0 0.1578125 0.18101851851851852 0.03802083333333333 0.2