0 0.66875 0.9398148148148148 0.046875 0.12037037037037036
0 0.45208333333333334 0.8865740740740741 0.0546875 0.22685185185185186
0 0.0609375 0.5222222222222223 0.0375 0.20925925925925926
0 0.7078125 0.5444444444444444 0.034375 0.18703703703703703
0 0.5526041666666667 0.25324074074074077 0.035416666666666666 0.18055555555555555
0 0.22083333333333333 0.37546296296296294 0.04010416666666667 0.17407407407407408
0 0.5502604166666667 0.7791666666666667 0.04739583333333333 0.21944444444444444
0 0.49453125 0.2388888888888889 0.025 0.13703703703703704
0 0.33125 0.7902777777777777 0.043229166666666666 0.1935185185185185
0 0.6005208333333333 0.3143518518518518 0.03229166666666667 0.17037037037037037
0 0.9122395833333333 0.39814814814814814 0.03125 0.1574074074074074
0 0.4 0.6638888888888889 0.0296875 0.19814814814814816
0 0.88203125 0.3912037037037037 0.034895833333333334 0.175
0 0.4359375 0.3800925925925926 0.0328125 0.18055555555555555
0 0.9572916666666667 0.587037037037037 0.0453125 0.19074074074074074
0 0.46979166666666666 0.2310185185185185 0.022395833333333334 0.15
0 0.21067708333333332 0.22083333333333333 0.03125 0.1574074074074074
0 0.4166666666666667 0.33240740740740743 0.03125 0.18333333333333332
0 0.15598958333333332 0.18703703703703703 0.033854166666666664 0.1814814814814815
0 0.8903645833333333 0.26296296296296295 0.0265625 0.125
0 0.8645833333333334 0.17592592592592593 0.028645833333333332 0.16018518518518518
0 0.7283854166666667 0.6648148148148149 0.049479166666666664 0.21481481481481482
0 0.5552083333333333 0.9273148148148148 0.04895833333333333 0.14537037037037037
0 0.18463541666666666 0.19675925925925927 0.03229166666666667 0.1648148148148148
0 0.7348958333333333 0.663425925925926 0.03125 0.2037037037037037
0 0.9442708333333333 0.3384259259259259 0.03125 0.16018518518518518
0 0.434375 0.21805555555555556 0.025520833333333333 0.14907407407407408
0 0.5408854166666667 0.06666666666666667 0.028645833333333332 0.13148148148148148