0 0.06041666666666667 0.575 0.042708333333333334 0.2064814814814815
0 0.5588541666666667 0.2023148148148148 0.035416666666666666 0.15833333333333333
0 0.21197916666666666 0.3402777777777778 0.03697916666666667 0.1712962962962963
0 0.64609375 0.9111111111111111 0.04583333333333333 0.17777777777777778
0 0.7083333333333334 0.5449074074074074 0.034895833333333334 0.18796296296296297
0 0.44921875 0.37175925925925923 0.033854166666666664 0.1675925925925926
0 0.3302083333333333 0.7893518518518519 0.04479166666666667 0.19907407407407407
0 0.5518229166666667 0.8398148148148148 0.0546875 0.23796296296296296
0 0.4192708333333333 0.3388888888888889 0.0328125 0.1925925925925926
0 0.49453125 0.9175925925925926 0.0578125 0.16296296296296298
0 0.92890625 0.5310185185185186 0.044270833333333336 0.21481481481481482
0 0.40130208333333334 0.6712962962962963 0.030729166666666665 0.20555555555555555
0 0.7661458333333333 0.8875 0.0578125 0.21851851851851853
0 0.14921875 0.1935185185185185 0.03177083333333333 0.175
0 0.58828125 0.9643518518518519 0.04583333333333333 0.0712962962962963
0 0.48541666666666666 0.20879629629629629 0.023958333333333335 0.1388888888888889
0 0.12395833333333334 0.18888888888888888 0.025520833333333333 0.14814814814814814
0 0.8643229166666667 0.3592592592592593 0.03333333333333333 0.17222222222222222
0 0.9190104166666667 0.30416666666666664 0.03177083333333333 0.16111111111111112
0 0.5653645833333333 0.35324074074074074 0.0328125 0.15
0 0.17864583333333334 0.19490740740740742 0.030208333333333334 0.21666666666666667
0 0.45703125 0.20185185185185187 0.021875 0.14074074074074075
0 0.4231770833333333 0.1962962962962963 0.030208333333333334 0.12685185185185185
0 0.73515625 0.6625 0.030208333333333334 0.2074074074074074
0 0.7515625 0.12175925925925926 0.030729166666666665 0.12777777777777777
0 0.7317708333333334 0.6666666666666666 0.04635416666666667 0.21851851851851853