0 0.06145833333333333 0.5587962962962963 0.04010416666666667 0.19722222222222222
0 0.6533854166666667 0.9157407407407407 0.04895833333333333 0.1685185185185185
0 0.5583333333333333 0.2101851851851852 0.03697916666666667 0.1648148148148148
0 0.7080729166666667 0.5449074074074074 0.035416666666666666 0.19074074074074074
0 0.44869791666666664 0.37592592592592594 0.033854166666666664 0.175
0 0.21432291666666667 0.34675925925925927 0.03958333333333333 0.1712962962962963
0 0.7869791666666667 0.9074074074074074 0.06041666666666667 0.18518518518518517
0 0.4875 0.9115740740740741 0.051041666666666666 0.17685185185185184
0 0.33046875 0.7912037037037037 0.044270833333333336 0.20092592592592592
0 0.55 0.8263888888888888 0.05625 0.22777777777777777
0 0.41822916666666665 0.3388888888888889 0.03229166666666667 0.18611111111111112
0 0.39947916666666666 0.662962962962963 0.030729166666666665 0.20462962962962963
0 0.5703125 0.3384259259259259 0.03802083333333333 0.17592592592592593
0 0.9322916666666666 0.5550925925925926 0.04791666666666667 0.2222222222222222
0 0.578125 0.9532407407407407 0.04791666666666667 0.09351851851851851
0 0.14869791666666668 0.19583333333333333 0.034375 0.17222222222222222
0 0.17838541666666666 0.19027777777777777 0.028645833333333332 0.20185185185185187
0 0.48776041666666664 0.21574074074074073 0.025 0.1388888888888889
0 0.9244791666666666 0.30925925925925923 0.0328125 0.16944444444444445
0 0.23671875 0.21851851851851853 0.030208333333333334 0.16111111111111112
0 0.86875 0.3685185185185185 0.03333333333333333 0.175
0 0.46171875 0.20879629629629629 0.024479166666666666 0.14166666666666666
0 0.89609375 0.35833333333333334 0.03333333333333333 0.1814814814814815
0 0.8638020833333333 0.24074074074074073 0.029166666666666667 0.14629629629629629
0 0.12473958333333333 0.19027777777777777 0.021354166666666667 0.15185185185185185