0 0.47760416666666666 0.9050925925925926 0.043229166666666666 0.18981481481481483
0 0.062239583333333334 0.5481481481481482 0.03802083333333333 0.2037037037037037
0 0.56875 0.9444444444444444 0.06041666666666667 0.11018518518518519
0 0.5505208333333333 0.812962962962963 0.05520833333333333 0.22685185185185186
0 0.6638020833333333 0.924537037037037 0.059375 0.15092592592592594
0 0.5552083333333333 0.22824074074074074 0.033854166666666664 0.1685185185185185
0 0.70859375 0.5462962962962963 0.035416666666666666 0.1935185185185185
0 0.81328125 0.9351851851851852 0.06458333333333334 0.12777777777777777
0 0.5846354166666666 0.3277777777777778 0.03125 0.1712962962962963
0 0.22109375 0.35324074074074074 0.033854166666666664 0.1675925925925926
0 0.3299479166666667 0.7916666666666666 0.044270833333333336 0.19444444444444445
0 0.94921875 0.5583333333333333 0.04739583333333333 0.2351851851851852
0 0.39739583333333334 0.6592592592592592 0.0328125 0.20925925925925926
0 0.44583333333333336 0.37777777777777777 0.03697916666666667 0.1787037037037037
0 0.49166666666666664 0.2222222222222222 0.025520833333333333 0.14166666666666666
0 0.41796875 0.33796296296296297 0.03177083333333333 0.18611111111111112
0 0.46458333333333335 0.21296296296296297 0.025 0.14629629629629629
0 0.8703125 0.37407407407407406 0.034375 0.17037037037037037
0 0.14817708333333332 0.19074074074074074 0.035416666666666666 0.17222222222222222
0 0.8713541666666667 0.24768518518518517 0.029166666666666667 0.13333333333333333
0 0.18125 0.19953703703703704 0.033854166666666664 0.17592592592592593
0 0.9294270833333333 0.3175925925925926 0.03229166666666667 0.1537037037037037
0 0.73125 0.6666666666666666 0.04739583333333333 0.22314814814814815
0 0.73359375 0.6638888888888889 0.0328125 0.2111111111111111
0 0.9018229166666667 0.3773148148148148 0.028125 0.15833333333333333
0 0.8627604166666667 0.15601851851851853 0.029166666666666667 0.15462962962962962
0 0.7533854166666667 0.0699074074074074 0.03177083333333333 0.1388888888888889
0 0.4315104166666667 0.2064814814814815 0.021354166666666667 0.1388888888888889