0 0.05260416666666667 0.6486111111111111 0.03958333333333333 0.21296296296296297
0 0.5484375 0.15648148148148147 0.03177083333333333 0.16944444444444445
0 0.53828125 0.3787037037037037 0.034375 0.18055555555555555
0 0.6307291666666667 0.8662037037037037 0.04479166666666667 0.21574074074074073
0 0.70859375 0.5458333333333333 0.034895833333333334 0.1935185185185185
0 0.190625 0.3055555555555556 0.03177083333333333 0.1648148148148148
0 0.41432291666666665 0.6921296296296297 0.03802083333333333 0.20833333333333334
0 0.44921875 0.36666666666666664 0.030208333333333334 0.17777777777777778
0 0.33229166666666665 0.8032407407407407 0.03802083333333333 0.19074074074074074
0 0.8783854166666667 0.4587962962962963 0.044270833333333336 0.19722222222222222
0 0.9669270833333333 0.4875 0.033854166666666664 0.16296296296296298
0 0.4171875 0.3398148148148148 0.03177083333333333 0.1935185185185185
0 0.5536458333333333 0.887962962962963 0.059375 0.21296296296296297
0 0.6986979166666667 0.9555555555555556 0.0484375 0.08888888888888889
0 0.63046875 0.6893518518518519 0.051041666666666666 0.1925925925925926
0 0.6458333333333334 0.9717592592592592 0.040625 0.05648148148148148
0 0.4744791666666667 0.17962962962962964 0.0234375 0.13703703703703704
0 0.2869791666666667 0.22824074074074074 0.025 0.14166666666666666
0 0.77578125 0.9680555555555556 0.0453125 0.06388888888888888
0 0.7947916666666667 0.09583333333333334 0.0265625 0.11296296296296296
0 0.8440104166666667 0.31666666666666665 0.03177083333333333 0.1712962962962963
0 0.4083333333333333 0.9726851851851852 0.0390625 0.05462962962962963
0 0.22994791666666667 0.2638888888888889 0.029166666666666667 0.16203703703703703
0 0.3684895833333333 0.35 0.027083333333333334 0.11944444444444445
0 0.7518229166666667 0.08472222222222223 0.0265625 0.12314814814814815
0 0.2375 0.24722222222222223 0.03958333333333333 0.18796296296296297
0 0.909375 0.4476851851851852 0.033854166666666664 0.18425925925925926