0 0.06041666666666667 0.5703703703703704 0.041666666666666664 0.20555555555555555
0 0.775 0.8958333333333334 0.059375 0.20462962962962963
0 0.21302083333333333 0.3425925925925926 0.0421875 0.17037037037037037
0 0.64921875 0.9125 0.04791666666666667 0.175
0 0.559375 0.20092592592592592 0.035416666666666666 0.14814814814814814
0 0.70859375 0.5449074074074074 0.0359375 0.19166666666666668
0 0.44921875 0.37222222222222223 0.03333333333333333 0.1675925925925926
0 0.9296875 0.5402777777777777 0.0453125 0.21944444444444444
0 0.55 0.8361111111111111 0.05625 0.23796296296296296
0 0.49114583333333334 0.9157407407407407 0.059895833333333336 0.16666666666666666
0 0.33125 0.788425925925926 0.042708333333333334 0.19907407407407407
0 0.41875 0.3388888888888889 0.03177083333333333 0.1925925925925926
0 0.40078125 0.6657407407407407 0.0296875 0.19907407407407407
0 0.14895833333333333 0.1925925925925926 0.03229166666666667 0.17962962962962964
0 0.4864583333333333 0.21296296296296297 0.024479166666666666 0.14074074074074075
0 0.5828125 0.9601851851851851 0.04583333333333333 0.07962962962962963
0 0.23645833333333333 0.2199074074074074 0.03177083333333333 0.1574074074074074
0 0.17890625 0.19166666666666668 0.0296875 0.20833333333333334
0 0.5690104166666666 0.34629629629629627 0.0328125 0.15925925925925927
0 0.12421875 0.18935185185185185 0.024479166666666666 0.14907407407407408
0 0.9213541666666667 0.3050925925925926 0.0328125 0.1675925925925926
0 0.8661458333333333 0.3625 0.034895833333333334 0.1712962962962963
0 0.45859375 0.2050925925925926 0.0234375 0.14537037037037037