0 0.0578125 0.6185185185185185 0.044270833333333336 0.20925925925925926
0 0.6432291666666666 0.8902777777777777 0.052083333333333336 0.21296296296296297
0 0.55625 0.1736111111111111 0.0328125 0.16944444444444445
0 0.7083333333333334 0.5444444444444444 0.033854166666666664 0.18796296296296297
0 0.19661458333333334 0.31712962962962965 0.034375 0.16296296296296298
0 0.4140625 0.6842592592592592 0.035416666666666666 0.2111111111111111
0 0.44895833333333335 0.36898148148148147 0.03177083333333333 0.17314814814814813
0 0.41796875 0.3388888888888889 0.03125 0.1935185185185185
0 0.5471354166666667 0.3625 0.035416666666666666 0.17685185185185184
0 0.6799479166666667 0.7768518518518519 0.0546875 0.24166666666666667
0 0.89609375 0.48657407407407405 0.044270833333333336 0.19722222222222222
0 0.3299479166666667 0.8 0.0453125 0.18703703703703703
0 0.5533854166666666 0.874537037037037 0.057291666666666664 0.2361111111111111
0 0.5325520833333334 0.9231481481481482 0.040625 0.1537037037037037
0 0.85234375 0.33194444444444443 0.033854166666666664 0.16666666666666666
0 0.9833333333333333 0.4986111111111111 0.0328125 0.13518518518518519
0 0.90625 0.27361111111111114 0.028645833333333332 0.15925925925925927
0 0.73046875 0.6671296296296296 0.04895833333333333 0.225
0 0.7013020833333333 0.9675925925925926 0.0421875 0.06481481481481481
0 0.28463541666666664 0.2162037037037037 0.028125 0.14166666666666666
0 0.7505208333333333 0.1 0.025520833333333333 0.13148148148148148
0 0.7346354166666667 0.6666666666666666 0.030729166666666665 0.2175925925925926