0 0.05807291666666667 0.6152777777777778 0.0453125 0.20925925925925926
0 0.64375 0.8912037037037037 0.05260416666666667 0.21296296296296297
0 0.5572916666666666 0.17083333333333334 0.03333333333333333 0.17222222222222222
0 0.7083333333333334 0.5449074074074074 0.034375 0.18888888888888888
0 0.41354166666666664 0.6819444444444445 0.0359375 0.20833333333333334
0 0.19765625 0.31666666666666665 0.034895833333333334 0.16018518518518518
0 0.44895833333333335 0.36944444444444446 0.03177083333333333 0.1712962962962963
0 0.54765625 0.362962962962963 0.033854166666666664 0.17592592592592593
0 0.41822916666666665 0.3384259259259259 0.03125 0.1935185185185185
0 0.896875 0.4861111111111111 0.04583333333333333 0.1935185185185185
0 0.6825520833333333 0.7671296296296296 0.058854166666666666 0.2064814814814815
0 0.55390625 0.8717592592592592 0.05520833333333333 0.2324074074074074
0 0.3294270833333333 0.7986111111111112 0.04635416666666667 0.18518518518518517
0 0.8528645833333334 0.3347222222222222 0.033854166666666664 0.17037037037037037
0 0.5317708333333333 0.9236111111111112 0.04114583333333333 0.15185185185185185
0 0.98359375 0.49953703703703706 0.03177083333333333 0.13240740740740742
0 0.28463541666666664 0.21666666666666667 0.029166666666666667 0.14074074074074075
0 0.9065104166666667 0.275 0.0296875 0.15925925925925927
0 0.7307291666666667 0.6712962962962963 0.0484375 0.22962962962962963
0 0.7359375 0.6694444444444444 0.030208333333333334 0.21851851851851853
0 0.18307291666666667 0.16203703703703703 0.023958333333333335 0.14166666666666666
0 0.42604166666666665 0.1962962962962963 0.0296875 0.13333333333333333