0 0.06171875 0.549537037037037 0.03802083333333333 0.2
0 0.21510416666666668 0.35 0.0328125 0.16666666666666666
0 0.659375 0.9185185185185185 0.05260416666666667 0.16296296296296298
0 0.484375 0.9069444444444444 0.04375 0.18518518518518517
0 0.7083333333333334 0.5458333333333333 0.035416666666666666 0.19166666666666668
0 0.5583333333333333 0.2162037037037037 0.0359375 0.175
0 0.55 0.8143518518518519 0.05416666666666667 0.21944444444444444
0 0.5736979166666667 0.9495370370370371 0.05677083333333333 0.1
0 0.3307291666666667 0.7902777777777777 0.04375 0.19722222222222222
0 0.4466145833333333 0.3731481481481482 0.035416666666666666 0.18611111111111112
0 0.7994791666666666 0.9185185185185185 0.058854166666666666 0.16296296296296298
0 0.41744791666666664 0.33796296296296297 0.03177083333333333 0.18888888888888888
0 0.5734375 0.33425925925925926 0.036458333333333336 0.17592592592592593
0 0.39739583333333334 0.6615740740740741 0.033854166666666664 0.21203703703703702
0 0.93671875 0.5569444444444445 0.051041666666666666 0.21944444444444444
0 0.8703125 0.37453703703703706 0.034375 0.1787037037037037
0 0.4640625 0.21064814814814814 0.026041666666666668 0.14166666666666666
0 0.48984375 0.21712962962962962 0.025 0.1398148148148148
0 0.17890625 0.20462962962962963 0.0296875 0.16944444444444445
0 0.8658854166666666 0.24212962962962964 0.028645833333333332 0.13796296296296295
0 0.23723958333333334 0.2152777777777778 0.030729166666666665 0.1574074074074074
0 0.7356770833333334 0.6638888888888889 0.028645833333333332 0.2074074074074074
0 0.4315104166666667 0.20324074074074075 0.024479166666666666 0.13518518518518519
0 0.14765625 0.18888888888888888 0.0359375 0.17314814814814813