0 0.6640625 0.9337962962962963 0.04583333333333333 0.13240740740740742
0 0.45416666666666666 0.8902777777777777 0.053125 0.21944444444444444
0 0.06015625 0.5212962962962963 0.0390625 0.20092592592592592
0 0.5505208333333333 0.7861111111111111 0.05364583333333333 0.225
0 0.5598958333333334 0.9282407407407407 0.04791666666666667 0.14351851851851852
0 0.22473958333333333 0.36898148148148147 0.04114583333333333 0.17777777777777778
0 0.7080729166666667 0.5444444444444444 0.034895833333333334 0.18981481481481483
0 0.55234375 0.24953703703703703 0.035416666666666666 0.17777777777777778
0 0.33098958333333334 0.7930555555555555 0.04375 0.19537037037037036
0 0.43802083333333336 0.3800925925925926 0.0328125 0.1824074074074074
0 0.9552083333333333 0.5810185185185185 0.042708333333333334 0.19814814814814816
0 0.49322916666666666 0.2324074074074074 0.024479166666666666 0.14166666666666666
0 0.5955729166666667 0.3162037037037037 0.033854166666666664 0.16944444444444445
0 0.4 0.6611111111111111 0.027604166666666666 0.20092592592592592
0 0.41510416666666666 0.33796296296296297 0.028125 0.1814814814814815
0 0.8833333333333333 0.2611111111111111 0.030208333333333334 0.13425925925925927
0 0.8640625 0.17175925925925925 0.029166666666666667 0.1574074074074074
0 0.909375 0.3921296296296296 0.033854166666666664 0.16018518518518518
0 0.15364583333333334 0.19444444444444445 0.033854166666666664 0.16666666666666666
0 0.46901041666666665 0.22592592592592592 0.021875 0.14629629629629629
0 0.7354166666666667 0.6652777777777777 0.030208333333333334 0.20462962962962963
0 0.7299479166666667 0.6685185185185185 0.05 0.2175925925925926
0 0.9393229166666667 0.3365740740740741 0.030208333333333334 0.16944444444444445
0 0.87578125 0.3921296296296296 0.03854166666666667 0.1638888888888889
0 0.11692708333333333 0.19398148148148148 0.04114583333333333 0.16296296296296298
0 0.4328125 0.21296296296296297 0.022916666666666665 0.14351851851851852
0 0.5411458333333333 0.06296296296296296 0.0265625 0.12222222222222222