0 0.053125 0.6310185185185185 0.044270833333333336 0.2037037037037037
0 0.5518229166666667 0.16203703703703703 0.033854166666666664 0.1685185185185185
0 0.19244791666666666 0.3101851851851852 0.03229166666666667 0.16203703703703703
0 0.5528645833333333 0.8851851851851852 0.058854166666666666 0.22777777777777777
0 0.5427083333333333 0.375 0.0359375 0.1814814814814815
0 0.4153645833333333 0.687962962962963 0.03802083333333333 0.20833333333333334
0 0.33229166666666665 0.8037037037037037 0.03958333333333333 0.19074074074074074
0 0.7080729166666667 0.5453703703703704 0.035416666666666666 0.18888888888888888
0 0.6348958333333333 0.8782407407407408 0.04739583333333333 0.225
0 0.88671875 0.4736111111111111 0.042708333333333334 0.20185185185185187
0 0.4484375 0.36898148148148147 0.03177083333333333 0.175
0 0.41770833333333335 0.3384259259259259 0.03125 0.19074074074074074
0 0.6513020833333333 0.7166666666666667 0.050520833333333334 0.1962962962962963
0 0.7 0.962037037037037 0.04635416666666667 0.07592592592592592
0 0.22994791666666667 0.25833333333333336 0.03125 0.1712962962962963
0 0.8494791666666667 0.32546296296296295 0.03854166666666667 0.17685185185185184
0 0.7510416666666667 0.0962962962962963 0.028125 0.12962962962962962
0 0.9763020833333333 0.49583333333333335 0.03854166666666667 0.14351851851851852
0 0.9044270833333333 0.2671296296296296 0.030208333333333334 0.15648148148148147
0 0.7747395833333334 0.9712962962962963 0.03958333333333333 0.05648148148148148
0 0.1578125 0.2523148148148148 0.026041666666666668 0.15092592592592594
0 0.73125 0.6685185185185185 0.0453125 0.225
0 0.7354166666666667 0.6638888888888889 0.030208333333333334 0.20555555555555555
0 0.79765625 0.0962962962962963 0.022916666666666665 0.10925925925925926
0 0.47317708333333336 0.1837962962962963 0.022395833333333334 0.1388888888888889