0 0.0625 0.6023148148148149 0.03802083333333333 0.20925925925925926
0 0.5591145833333333 0.18472222222222223 0.034895833333333334 0.16018518518518518
0 0.6411458333333333 0.899074074074074 0.05416666666666667 0.1962962962962963
0 0.7080729166666667 0.5449074074074074 0.034895833333333334 0.18703703703703703
0 0.44947916666666665 0.37083333333333335 0.030729166666666665 0.1685185185185185
0 0.20677083333333332 0.3277777777777778 0.0375 0.16574074074074074
0 0.91171875 0.5050925925925925 0.03958333333333333 0.20462962962962963
0 0.5526041666666667 0.8606481481481482 0.06145833333333333 0.23981481481481481
0 0.8572916666666667 0.3472222222222222 0.0328125 0.175
0 0.40859375 0.674537037037037 0.0390625 0.20555555555555555
0 0.41848958333333336 0.3398148148148148 0.03177083333333333 0.1935185185185185
0 0.55625 0.35185185185185186 0.03333333333333333 0.16944444444444445
0 0.5197916666666667 0.9212962962962963 0.0390625 0.1574074074074074
0 0.33098958333333334 0.787962962962963 0.041666666666666664 0.18796296296296297
0 0.7140625 0.8037037037037037 0.058333333333333334 0.18796296296296297
0 0.9109375 0.2875 0.030208333333333334 0.16018518518518518
0 0.884375 0.34629629629629627 0.029166666666666667 0.16203703703703703
0 0.42161458333333335 0.19768518518518519 0.03333333333333333 0.14166666666666666
0 0.4518229166666667 0.19074074074074074 0.0234375 0.14351851851851852
0 0.7291666666666666 0.6712962962962963 0.050520833333333334 0.23055555555555557
0 0.9877604166666667 0.5083333333333333 0.023958333333333335 0.11574074074074074
0 0.9390625 0.4981481481481482 0.029166666666666667 0.1824074074074074
0 0.2791666666666667 0.20925925925925926 0.024479166666666666 0.1425925925925926
0 0.48203125 0.19722222222222222 0.0234375 0.13055555555555556
0 0.7359375 0.6662037037037037 0.03177083333333333 0.2111111111111111