0 0.6760416666666667 0.9421296296296297 0.04895833333333333 0.11574074074074074
0 0.553125 0.26064814814814813 0.03802083333333333 0.1787037037037037
0 0.45026041666666666 0.8699074074074075 0.04895833333333333 0.22870370370370371
0 0.22239583333333332 0.37916666666666665 0.04114583333333333 0.17592592592592593
0 0.5518229166666667 0.7685185185185185 0.04895833333333333 0.21574074074074073
0 0.7080729166666667 0.5458333333333333 0.0359375 0.19166666666666668
0 0.8666666666666667 0.18287037037037038 0.0296875 0.15833333333333333
0 0.33151041666666664 0.7902777777777777 0.043229166666666666 0.19074074074074074
0 0.43307291666666664 0.38425925925925924 0.036458333333333336 0.18796296296296297
0 0.6049479166666667 0.31157407407407406 0.03229166666666667 0.175
0 0.8859375 0.40324074074074073 0.0390625 0.17685185185185184
0 0.49765625 0.24351851851851852 0.0234375 0.1398148148148148
0 0.39921875 0.6685185185185185 0.034375 0.20185185185185187
0 0.9151041666666667 0.40555555555555556 0.030729166666666665 0.16018518518518518
0 0.55 0.9305555555555556 0.05572916666666667 0.1388888888888889
0 0.9611979166666667 0.5967592592592592 0.042708333333333334 0.1824074074074074
0 0.8963541666666667 0.26157407407407407 0.028645833333333332 0.11666666666666667
0 0.94765625 0.35 0.034895833333333334 0.16944444444444445
0 0.15833333333333333 0.17824074074074073 0.0390625 0.20092592592592592
0 0.4739583333333333 0.2412037037037037 0.022916666666666665 0.1398148148148148
0 0.059895833333333336 0.5083333333333333 0.0375 0.17222222222222222
0 0.4375 0.21666666666666667 0.029166666666666667 0.15555555555555556
0 0.7294270833333333 0.6694444444444444 0.04895833333333333 0.22962962962962963
0 0.41510416666666666 0.32314814814814813 0.029166666666666667 0.16111111111111112
0 0.21145833333333333 0.22361111111111112 0.030729166666666665 0.14907407407407408
0 0.540625 0.06898148148148148 0.028125 0.13425925925925927
0 0.7364583333333333 0.674537037037037 0.027083333333333334 0.21574074074074073