0 0.48046875 0.9050925925925926 0.044270833333333336 0.18981481481481483
0 0.6622395833333333 0.9222222222222223 0.05625 0.15555555555555556
0 0.0625 0.5481481481481482 0.035416666666666666 0.20185185185185187
0 0.5578125 0.22453703703703703 0.033854166666666664 0.16944444444444445
0 0.5783854166666667 0.3300925925925926 0.03697916666666667 0.17407407407407408
0 0.7083333333333334 0.5458333333333333 0.0359375 0.19166666666666668
0 0.5502604166666667 0.812962962962963 0.05364583333333333 0.22314814814814815
0 0.21744791666666666 0.350462962962963 0.03177083333333333 0.16666666666666666
0 0.5703125 0.9472222222222222 0.06197916666666667 0.10462962962962963
0 0.41822916666666665 0.337037037037037 0.0328125 0.18888888888888888
0 0.3307291666666667 0.7916666666666666 0.042708333333333334 0.1925925925925926
0 0.8088541666666667 0.9259259259259259 0.06614583333333333 0.14814814814814814
0 0.39739583333333334 0.6606481481481481 0.0328125 0.20833333333333334
0 0.44583333333333336 0.37824074074074077 0.036458333333333336 0.17592592592592593
0 0.8703125 0.375 0.036458333333333336 0.17962962962962964
0 0.9442708333333333 0.5560185185185185 0.044270833333333336 0.2175925925925926
0 0.14791666666666667 0.18981481481481483 0.034895833333333334 0.17407407407407408
0 0.46432291666666664 0.2101851851851852 0.024479166666666666 0.1425925925925926
0 0.49140625 0.21898148148148147 0.024479166666666666 0.13796296296296295
0 0.9286458333333333 0.31851851851851853 0.03333333333333333 0.16574074074074074
0 0.9010416666666666 0.3726851851851852 0.030729166666666665 0.16666666666666666
0 0.18098958333333334 0.19768518518518519 0.03333333333333333 0.18333333333333332
0 0.4317708333333333 0.2013888888888889 0.022916666666666665 0.13055555555555556
0 0.7346354166666667 0.6638888888888889 0.029166666666666667 0.2074074074074074
0 0.8692708333333333 0.24212962962962964 0.028645833333333332 0.1398148148148148
0 0.73203125 0.6671296296296296 0.044270833333333336 0.21666666666666667