0 0.6703125 0.9402777777777778 0.04739583333333333 0.11944444444444445
0 0.06145833333333333 0.5189814814814815 0.03854166666666667 0.2037037037037037
0 0.4510416666666667 0.8847222222222222 0.05364583333333333 0.23055555555555557
0 0.7075520833333333 0.5444444444444444 0.034895833333333334 0.18703703703703703
0 0.22083333333333333 0.37777777777777777 0.0421875 0.17592592592592593
0 0.5528645833333333 0.25462962962962965 0.035416666666666666 0.18333333333333332
0 0.5502604166666667 0.7773148148148148 0.046875 0.21944444444444444
0 0.4947916666666667 0.23935185185185184 0.025 0.1361111111111111
0 0.33151041666666664 0.7902777777777777 0.0421875 0.1925925925925926
0 0.4002604166666667 0.6657407407407407 0.030729166666666665 0.20092592592592592
0 0.9578125 0.5912037037037037 0.04583333333333333 0.18888888888888888
0 0.6013020833333333 0.31342592592592594 0.03177083333333333 0.17037037037037037
0 0.4354166666666667 0.3824074074074074 0.033854166666666664 0.18611111111111112
0 0.8828125 0.3921296296296296 0.034375 0.1787037037037037
0 0.5544270833333333 0.9254629629629629 0.049479166666666664 0.14907407407407408
0 0.9127604166666666 0.4013888888888889 0.030208333333333334 0.1537037037037037
0 0.4708333333333333 0.2324074074074074 0.022395833333333334 0.14814814814814814
0 0.15598958333333332 0.18935185185185185 0.03333333333333333 0.17777777777777778
0 0.8653645833333333 0.17777777777777778 0.028645833333333332 0.1574074074074074
0 0.18463541666666666 0.19675925925925927 0.03229166666666667 0.16666666666666666
0 0.41640625 0.33287037037037037 0.0296875 0.18055555555555555
0 0.8916666666666667 0.2652777777777778 0.027083333333333334 0.12962962962962962
0 0.4348958333333333 0.21712962962962962 0.027604166666666666 0.1527777777777778
0 0.9453125 0.3388888888888889 0.03125 0.16296296296296298
0 0.7283854166666667 0.6662037037037037 0.0484375 0.21851851851851853
0 0.21015625 0.21481481481481482 0.030208333333333334 0.16666666666666666
0 0.540625 0.06666666666666667 0.028125 0.13148148148148148
0 0.73515625 0.6652777777777777 0.029166666666666667 0.20833333333333334