0 0.6622395833333333 0.9300925925925926 0.0484375 0.13796296296296295
0 0.5643229166666667 0.9300925925925926 0.05364583333333333 0.1398148148148148
0 0.5526041666666667 0.24027777777777778 0.0375 0.17685185185185184
0 0.45989583333333334 0.8953703703703704 0.0484375 0.20925925925925926
0 0.5484375 0.7949074074074074 0.057291666666666664 0.22870370370370371
0 0.0609375 0.5236111111111111 0.041666666666666664 0.19722222222222222
0 0.22421875 0.3611111111111111 0.033854166666666664 0.17314814814814813
0 0.7078125 0.5444444444444444 0.034895833333333334 0.18796296296296297
0 0.5919270833333333 0.32592592592592595 0.03333333333333333 0.17407407407407408
0 0.3307291666666667 0.7925925925925926 0.044270833333333336 0.19907407407407407
0 0.9528645833333333 0.5791666666666667 0.041666666666666664 0.20185185185185187
0 0.8346354166666666 0.9601851851851851 0.0578125 0.07962962962962963
0 0.14921875 0.19212962962962962 0.0328125 0.17037037037037037
0 0.41692708333333334 0.33935185185185185 0.03125 0.1935185185185185
0 0.39921875 0.6606481481481481 0.027604166666666666 0.2074074074074074
0 0.49322916666666666 0.22962962962962963 0.023958333333333335 0.14351851851851852
0 0.44036458333333334 0.38101851851851853 0.03333333333333333 0.1787037037037037
0 0.4674479166666667 0.2310185185185185 0.020833333333333332 0.13703703703703704
0 0.9338541666666667 0.3300925925925926 0.034895833333333334 0.17407407407407408
0 0.8625 0.16944444444444445 0.0296875 0.1574074074074074
0 0.18671875 0.19444444444444445 0.03229166666666667 0.1638888888888889
0 0.43411458333333336 0.21435185185185185 0.0265625 0.15185185185185185
0 0.73046875 0.6652777777777777 0.046875 0.21944444444444444
0 0.7359375 0.6643518518518519 0.030208333333333334 0.2074074074074074
0 0.21302083333333333 0.20462962962962963 0.0265625 0.14351851851851852
0 0.5401041666666667 0.06157407407407407 0.025520833333333333 0.12037037037037036
0 0.11875 0.19212962962962962 0.0359375 0.1675925925925926
0 0.9065104166666667 0.38842592592592595 0.034375 0.16944444444444445
0 0.8731770833333333 0.38472222222222224 0.035416666666666666 0.17962962962962964