0 0.06041666666666667 0.5800925925925926 0.04010416666666667 0.2037037037037037
0 0.6403645833333333 0.9055555555555556 0.0453125 0.18888888888888888
0 0.5575520833333333 0.19768518518518519 0.034895833333333334 0.17777777777777778
0 0.7083333333333334 0.5439814814814815 0.035416666666666666 0.18888888888888888
0 0.21145833333333333 0.33287037037037037 0.03177083333333333 0.1638888888888889
0 0.5080729166666667 0.9194444444444444 0.044270833333333336 0.16111111111111112
0 0.9231770833333334 0.5277777777777778 0.046875 0.20925925925925926
0 0.45 0.37175925925925923 0.03229166666666667 0.16666666666666666
0 0.5627604166666667 0.3592592592592593 0.0328125 0.15462962962962962
0 0.5528645833333333 0.8412037037037037 0.05625 0.2351851851851852
0 0.3294270833333333 0.7870370370370371 0.04479166666666667 0.19814814814814816
0 0.41953125 0.3388888888888889 0.03333333333333333 0.19537037037037036
0 0.40390625 0.6708333333333333 0.03333333333333333 0.20277777777777778
0 0.74609375 0.8671296296296296 0.058854166666666666 0.23981481481481481
0 0.9140625 0.2962962962962963 0.0296875 0.1574074074074074
0 0.48411458333333335 0.20879629629629629 0.0234375 0.1398148148148148
0 0.42239583333333336 0.1986111111111111 0.03229166666666667 0.13796296296296295
0 0.14817708333333332 0.18888888888888888 0.0328125 0.18333333333333332
0 0.7286458333333333 0.6611111111111111 0.0484375 0.2064814814814815
0 0.86015625 0.3527777777777778 0.03229166666666667 0.17314814814814813
0 0.4544270833333333 0.20046296296296295 0.020833333333333332 0.1388888888888889
0 0.6 0.9689814814814814 0.03697916666666667 0.062037037037037036
0 0.12005208333333334 0.18518518518518517 0.0328125 0.15925925925925927