0 0.6744791666666666 0.9412037037037037 0.04895833333333333 0.1175925925925926
0 0.44947916666666665 0.8791666666666667 0.051041666666666666 0.23425925925925925
0 0.553125 0.25925925925925924 0.0390625 0.1814814814814815
0 0.06145833333333333 0.5060185185185185 0.0390625 0.18518518518518517
0 0.5513020833333333 0.9185185185185185 0.052083333333333336 0.16296296296296298
0 0.7078125 0.5439814814814815 0.036458333333333336 0.18888888888888888
0 0.22083333333333333 0.3773148148148148 0.04010416666666667 0.17777777777777778
0 0.5510416666666667 0.7722222222222223 0.046875 0.21574074074074073
0 0.49609375 0.24212962962962964 0.0234375 0.14166666666666666
0 0.33229166666666665 0.7907407407407407 0.040625 0.18796296296296297
0 0.43333333333333335 0.3851851851851852 0.036458333333333336 0.1814814814814815
0 0.3997395833333333 0.6662037037037037 0.03229166666666667 0.1962962962962963
0 0.8848958333333333 0.39444444444444443 0.03854166666666667 0.1824074074074074
0 0.603125 0.3148148148148148 0.03229166666666667 0.16574074074074074
0 0.86640625 0.18287037037037038 0.028645833333333332 0.1574074074074074
0 0.9588541666666667 0.5949074074074074 0.044270833333333336 0.1814814814814815
0 0.9158854166666667 0.4046296296296296 0.03229166666666667 0.15833333333333333
0 0.471875 0.23425925925925925 0.021875 0.14444444444444443
0 0.9471354166666667 0.34120370370370373 0.0328125 0.16203703703703703
0 0.1578125 0.17916666666666667 0.03802083333333333 0.19444444444444445
0 0.43645833333333334 0.21666666666666667 0.028125 0.1527777777777778
0 0.4153645833333333 0.3236111111111111 0.0296875 0.1648148148148148
0 0.53984375 0.06805555555555555 0.030208333333333334 0.13333333333333333
0 0.8942708333333333 0.26342592592592595 0.028125 0.1259259259259259
0 0.7299479166666667 0.6703703703703704 0.04895833333333333 0.22407407407407406
0 0.7354166666666667 0.6685185185185185 0.0296875 0.20925925925925926