0 0.053385416666666664 0.6351851851851852 0.042708333333333334 0.2064814814814815
0 0.5528645833333333 0.8893518518518518 0.0578125 0.2212962962962963
0 0.5411458333333333 0.37777777777777777 0.0359375 0.18055555555555555
0 0.54921875 0.1574074074074074 0.03229166666666667 0.17037037037037037
0 0.19166666666666668 0.3055555555555556 0.03177083333333333 0.1638888888888889
0 0.7083333333333334 0.5458333333333333 0.0359375 0.1925925925925926
0 0.33229166666666665 0.8037037037037037 0.0390625 0.1925925925925926
0 0.415625 0.6902777777777778 0.03854166666666667 0.2074074074074074
0 0.63359375 0.875462962962963 0.0453125 0.22037037037037038
0 0.44921875 0.36666666666666664 0.03125 0.17685185185185184
0 0.8838541666666667 0.47129629629629627 0.04479166666666667 0.20925925925925926
0 0.41770833333333335 0.3388888888888889 0.03177083333333333 0.1935185185185185
0 0.6408854166666667 0.7097222222222223 0.05364583333333333 0.19907407407407407
0 0.23046875 0.25925925925925924 0.03177083333333333 0.16944444444444445
0 0.9731770833333333 0.4930555555555556 0.036458333333333336 0.15185185185185185
0 0.6994791666666667 0.9597222222222223 0.04583333333333333 0.07962962962962963
0 0.47421875 0.18194444444444444 0.023958333333333335 0.1388888888888889
0 0.15703125 0.2490740740740741 0.029166666666666667 0.1648148148148148
0 0.2877604166666667 0.22314814814814815 0.025520833333333333 0.14444444444444443
0 0.73515625 0.6657407407407407 0.03125 0.20925925925925926
0 0.903125 0.26666666666666666 0.029166666666666667 0.15555555555555556
0 0.8463541666666666 0.3212962962962963 0.034895833333333334 0.17407407407407408
0 0.7328125 0.6694444444444444 0.04479166666666667 0.22037037037037038
0 0.7747395833333334 0.9685185185185186 0.042708333333333334 0.06296296296296296
0 0.79609375 0.0962962962962963 0.023958333333333335 0.10740740740740741
0 0.98828125 0.29814814814814816 0.022916666666666665 0.18333333333333332