0 0.46588541666666666 0.899537037037037 0.0453125 0.20092592592592592
0 0.5536458333333333 0.2351851851851852 0.03697916666666667 0.1787037037037037
0 0.6635416666666667 0.9273148148148148 0.05364583333333333 0.14351851851851852
0 0.5661458333333333 0.9337962962962963 0.05572916666666667 0.13240740740740742
0 0.0609375 0.5282407407407408 0.0359375 0.20277777777777778
0 0.5484375 0.8013888888888889 0.05625 0.22685185185185186
0 0.70859375 0.5449074074074074 0.035416666666666666 0.18888888888888888
0 0.5895833333333333 0.3277777777777778 0.03229166666666667 0.17407407407407408
0 0.22265625 0.3592592592592593 0.03229166666666667 0.1685185185185185
0 0.83046875 0.9541666666666667 0.0640625 0.09166666666666666
0 0.33046875 0.7921296296296296 0.044270833333333336 0.2
0 0.49296875 0.22824074074074074 0.024479166666666666 0.14074074074074075
0 0.39817708333333335 0.6601851851851852 0.030729166666666665 0.21296296296296297
0 0.41744791666666664 0.3388888888888889 0.03125 0.18703703703703703
0 0.44114583333333335 0.375 0.03177083333333333 0.18333333333333332
0 0.9484375 0.5731481481481482 0.041666666666666664 0.21388888888888888
0 0.4669270833333333 0.22314814814814815 0.021875 0.15
0 0.9059895833333333 0.38981481481481484 0.03697916666666667 0.15925925925925927
0 0.9330729166666667 0.3212962962962963 0.0328125 0.1675925925925926
0 0.14817708333333332 0.19305555555555556 0.035416666666666666 0.16944444444444445
0 0.43333333333333335 0.21435185185185185 0.025520833333333333 0.1527777777777778
0 0.18411458333333333 0.19305555555555556 0.0359375 0.17314814814814813
0 0.87578125 0.2513888888888889 0.027604166666666666 0.1259259259259259
0 0.7294270833333333 0.6685185185185185 0.0484375 0.2222222222222222
0 0.7341145833333333 0.6643518518518519 0.03125 0.20462962962962963
0 0.86328125 0.16342592592592592 0.0265625 0.15092592592592594
0 0.8716145833333333 0.3819444444444444 0.03333333333333333 0.17314814814814813