0 0.6411458333333333 0.9069444444444444 0.04479166666666667 0.18611111111111112
0 0.06067708333333333 0.5777777777777777 0.04114583333333333 0.2037037037037037
0 0.5580729166666667 0.19537037037037036 0.0359375 0.16944444444444445
0 0.7080729166666667 0.5439814814814815 0.034895833333333334 0.18796296296296297
0 0.21197916666666666 0.3337962962962963 0.03125 0.16574074074074074
0 0.9236979166666667 0.5291666666666667 0.044270833333333336 0.2064814814814815
0 0.50546875 0.9194444444444444 0.04739583333333333 0.16111111111111112
0 0.3294270833333333 0.7856481481481481 0.04479166666666667 0.1962962962962963
0 0.5635416666666667 0.3587962962962963 0.0328125 0.1537037037037037
0 0.44947916666666665 0.37175925925925923 0.03333333333333333 0.1675925925925926
0 0.5526041666666667 0.8402777777777778 0.058333333333333334 0.2361111111111111
0 0.7526041666666666 0.8763888888888889 0.06458333333333334 0.24722222222222223
0 0.40286458333333336 0.6703703703703704 0.03333333333333333 0.20833333333333334
0 0.41875 0.3388888888888889 0.03177083333333333 0.19444444444444445
0 0.9143229166666667 0.29768518518518516 0.0296875 0.15648148148148147
0 0.5973958333333333 0.9680555555555556 0.0453125 0.06388888888888888
0 0.48385416666666664 0.20879629629629629 0.022916666666666665 0.1388888888888889
0 0.14817708333333332 0.19305555555555556 0.03229166666666667 0.17407407407407408
0 0.8604166666666667 0.35555555555555557 0.03177083333333333 0.17314814814814813
0 0.42265625 0.19814814814814816 0.03229166666666667 0.13425925925925927
0 0.7286458333333333 0.6662037037037037 0.0484375 0.2175925925925926
0 0.4546875 0.20185185185185187 0.022395833333333334 0.14074074074074075