0 0.05651041666666667 0.6217592592592592 0.044270833333333336 0.20185185185185187
0 0.6419270833333334 0.8865740740740741 0.051041666666666666 0.22314814814814815
0 0.5552083333333333 0.1726851851851852 0.03333333333333333 0.1685185185185185
0 0.70859375 0.5449074074074074 0.034375 0.18888888888888888
0 0.41458333333333336 0.6842592592592592 0.03697916666666667 0.20925925925925926
0 0.19505208333333332 0.3175925925925926 0.0375 0.16296296296296298
0 0.44895833333333335 0.36898148148148147 0.03177083333333333 0.17314814814814813
0 0.54609375 0.36342592592592593 0.034895833333333334 0.17685185185185184
0 0.8947916666666667 0.47824074074074074 0.04375 0.20092592592592592
0 0.41770833333333335 0.3398148148148148 0.03125 0.18981481481481483
0 0.3302083333333333 0.799074074074074 0.042708333333333334 0.18425925925925926
0 0.5552083333333333 0.8740740740740741 0.05572916666666667 0.22777777777777777
0 0.9822916666666667 0.49722222222222223 0.034895833333333334 0.13796296296296295
0 0.5348958333333333 0.9236111111111112 0.043229166666666666 0.15
0 0.8515625 0.33055555555555555 0.033854166666666664 0.17037037037037037
0 0.23020833333333332 0.25972222222222224 0.0265625 0.15925925925925927
0 0.7010416666666667 0.9671296296296297 0.04375 0.06574074074074074
0 0.28489583333333335 0.21666666666666667 0.027604166666666666 0.14722222222222223
0 0.671875 0.762962962962963 0.05625 0.22777777777777777
0 0.9057291666666667 0.27175925925925926 0.027083333333333334 0.15925925925925927
0 0.6723958333333333 0.711574074074074 0.05364583333333333 0.12407407407407407
0 0.73203125 0.6675925925925926 0.04375 0.225
0 0.7502604166666667 0.09768518518518518 0.0265625 0.12962962962962962
0 0.7356770833333334 0.6652777777777777 0.029166666666666667 0.21203703703703702
0 0.9848958333333333 0.29907407407407405 0.029166666666666667 0.15925925925925927