0 0.6643229166666667 0.9356481481481481 0.04583333333333333 0.1287037037037037
0 0.5591145833333333 0.9273148148148148 0.04739583333333333 0.14537037037037037
0 0.453125 0.8893518518518518 0.0546875 0.2212962962962963
0 0.059375 0.5208333333333334 0.03854166666666667 0.20092592592592592
0 0.5502604166666667 0.7861111111111111 0.050520833333333334 0.22777777777777777
0 0.7078125 0.5449074074074074 0.034375 0.18888888888888888
0 0.55234375 0.25046296296296294 0.0359375 0.17685185185185184
0 0.2234375 0.3699074074074074 0.0421875 0.17592592592592593
0 0.33125 0.7925925925925926 0.043229166666666666 0.1962962962962963
0 0.43776041666666665 0.38055555555555554 0.03125 0.1814814814814815
0 0.95546875 0.5814814814814815 0.0421875 0.19814814814814816
0 0.49375 0.23425925925925925 0.025 0.1425925925925926
0 0.3997395833333333 0.6620370370370371 0.028125 0.19907407407407407
0 0.5966145833333333 0.31574074074074077 0.0359375 0.17037037037037037
0 0.878125 0.39166666666666666 0.03958333333333333 0.16666666666666666
0 0.415625 0.337037037037037 0.028645833333333332 0.18055555555555555
0 0.88515625 0.262037037037037 0.0296875 0.13055555555555556
0 0.8640625 0.17175925925925925 0.029166666666666667 0.1574074074074074
0 0.909375 0.38981481481481484 0.03125 0.1648148148148148
0 0.1546875 0.18981481481481483 0.0328125 0.17777777777777778
0 0.46953125 0.22685185185185186 0.022916666666666665 0.15
0 0.20989583333333334 0.2125 0.0296875 0.14722222222222223
0 0.7278645833333334 0.6652777777777777 0.0484375 0.21481481481481482
0 0.9401041666666666 0.3351851851851852 0.030729166666666665 0.1638888888888889
0 0.7348958333333333 0.663425925925926 0.030208333333333334 0.20185185185185187
0 0.4328125 0.21342592592592594 0.022916666666666665 0.14444444444444443
0 0.11666666666666667 0.1935185185185185 0.041666666666666664 0.16296296296296298
0 0.1859375 0.1935185185185185 0.03125 0.16574074074074074
0 0.5408854166666667 0.06481481481481481 0.027083333333333334 0.1259259259259259