0 0.6783854166666666 0.9439814814814815 0.0484375 0.11203703703703703
0 0.55234375 0.2671296296296296 0.036458333333333336 0.17777777777777778
0 0.45078125 0.8666666666666667 0.0484375 0.22777777777777777
0 0.5479166666666667 0.9125 0.05572916666666667 0.175
0 0.7078125 0.5462962962962963 0.0359375 0.1925925925925926
0 0.8861979166666667 0.4060185185185185 0.04010416666666667 0.1824074074074074
0 0.5513020833333333 0.7606481481481482 0.04895833333333333 0.20925925925925926
0 0.22291666666666668 0.3800925925925926 0.03854166666666667 0.17314814814814813
0 0.6078125 0.30972222222222223 0.03125 0.17222222222222222
0 0.43359375 0.387037037037037 0.034895833333333334 0.18611111111111112
0 0.49765625 0.24305555555555555 0.023958333333333335 0.14074074074074075
0 0.33177083333333335 0.7907407407407407 0.0421875 0.19166666666666668
0 0.9158854166666667 0.4050925925925926 0.027604166666666666 0.1574074074074074
0 0.8674479166666667 0.18472222222222223 0.028645833333333332 0.15925925925925927
0 0.06067708333333333 0.5092592592592593 0.035416666666666666 0.1675925925925926
0 0.39921875 0.6657407407407407 0.035416666666666666 0.19444444444444445
0 0.9489583333333333 0.35138888888888886 0.036458333333333336 0.1675925925925926
0 0.47369791666666666 0.24212962962962964 0.026041666666666668 0.1388888888888889
0 0.8989583333333333 0.26851851851851855 0.03125 0.125
0 0.9619791666666667 0.5944444444444444 0.041666666666666664 0.1824074074074074
0 0.5403645833333334 0.06898148148148148 0.028125 0.13518518518518519
0 0.7315104166666667 0.6712962962962963 0.049479166666666664 0.23055555555555557
0 0.7369791666666666 0.674537037037037 0.028125 0.22314814814814815
0 0.43828125 0.21851851851851853 0.030729166666666665 0.15555555555555556
0 0.15755208333333334 0.18101851851851852 0.03802083333333333 0.2
0 0.41510416666666666 0.32407407407407407 0.028645833333333332 0.15833333333333333
0 0.11744791666666667 0.19444444444444445 0.04010416666666667 0.16111111111111112