0 0.4640625 0.8986111111111111 0.04635416666666667 0.20277777777777778
0 0.5536458333333333 0.23703703703703705 0.0375 0.17777777777777778
0 0.66328125 0.9273148148148148 0.05260416666666667 0.1425925925925926
0 0.5653645833333333 0.9328703703703703 0.05520833333333333 0.13425925925925927
0 0.7083333333333334 0.5449074074074074 0.0359375 0.18981481481481483
0 0.5479166666666667 0.7986111111111112 0.05677083333333333 0.22777777777777777
0 0.06067708333333333 0.5259259259259259 0.0390625 0.19722222222222222
0 0.22291666666666668 0.3592592592592593 0.03229166666666667 0.1712962962962963
0 0.590625 0.32685185185185184 0.03333333333333333 0.17407407407407408
0 0.33046875 0.7939814814814815 0.04479166666666667 0.20092592592592592
0 0.49270833333333336 0.22916666666666666 0.024479166666666666 0.14351851851851852
0 0.440625 0.37916666666666665 0.034375 0.1824074074074074
0 0.8325520833333333 0.9560185185185185 0.0625 0.08796296296296297
0 0.4171875 0.3398148148148148 0.03125 0.1925925925925926
0 0.39869791666666665 0.6587962962962963 0.028125 0.2101851851851852
0 0.95078125 0.575462962962963 0.04375 0.21296296296296297
0 0.93359375 0.32546296296296295 0.035416666666666666 0.17314814814814813
0 0.4669270833333333 0.22361111111111112 0.021354166666666667 0.14814814814814814
0 0.14791666666666667 0.19305555555555556 0.035416666666666666 0.17037037037037037
0 0.43411458333333336 0.21481481481481482 0.0265625 0.15185185185185185
0 0.18463541666666666 0.19398148148148148 0.035416666666666666 0.17222222222222222
0 0.8770833333333333 0.2518518518518518 0.028125 0.1259259259259259
0 0.7346354166666667 0.6648148148148149 0.0296875 0.2111111111111111
0 0.73046875 0.6675925925925926 0.04739583333333333 0.22407407407407406
0 0.9049479166666666 0.3875 0.035416666666666666 0.16574074074074074
0 0.8635416666666667 0.16620370370370371 0.027604166666666666 0.1537037037037037
0 0.8723958333333334 0.3814814814814815 0.034895833333333334 0.18425925925925926
0 0.11692708333333333 0.19027777777777777 0.04114583333333333 0.17314814814814813