0 0.053385416666666664 0.6324074074074074 0.04635416666666667 0.2074074074074074
0 0.5526041666666667 0.1638888888888889 0.0328125 0.1648148148148148
0 0.5421875 0.37083333333333335 0.034895833333333334 0.17962962962962964
0 0.19296875 0.3125 0.034375 0.1648148148148148
0 0.33203125 0.8041666666666667 0.04010416666666667 0.1925925925925926
0 0.6372395833333333 0.8814814814814815 0.04791666666666667 0.2222222222222222
0 0.5528645833333333 0.8814814814814815 0.06041666666666667 0.22777777777777777
0 0.4161458333333333 0.6893518518518519 0.03854166666666667 0.20925925925925926
0 0.7083333333333334 0.5458333333333333 0.034895833333333334 0.19074074074074074
0 0.6559895833333333 0.7189814814814814 0.05677083333333333 0.18333333333333332
0 0.44895833333333335 0.36712962962962964 0.03229166666666667 0.17777777777777778
0 0.41796875 0.3384259259259259 0.03125 0.18981481481481483
0 0.88984375 0.475 0.042708333333333334 0.20092592592592592
0 0.70078125 0.9634259259259259 0.0421875 0.07314814814814814
0 0.9791666666666666 0.4935185185185185 0.040625 0.14166666666666666
0 0.22942708333333334 0.25462962962962965 0.030208333333333334 0.17685185185185184
0 0.2869791666666667 0.2175925925925926 0.0265625 0.1537037037037037
0 0.9041666666666667 0.2675925925925926 0.03125 0.15648148148148147
0 0.23385416666666667 0.2449074074074074 0.0359375 0.19814814814814816
0 0.7307291666666667 0.6703703703703704 0.046875 0.225
0 0.75078125 0.09814814814814815 0.028645833333333332 0.13055555555555556
0 0.73515625 0.6671296296296296 0.030208333333333334 0.2111111111111111
0 0.85 0.3277777777777778 0.034895833333333334 0.17777777777777778
0 0.9856770833333334 0.29814814814814816 0.027604166666666666 0.1638888888888889
0 0.7994791666666666 0.09722222222222222 0.021354166666666667 0.10833333333333334