0 0.054427083333333334 0.6236111111111111 0.044270833333333336 0.19907407407407407
0 0.5546875 0.17037037037037037 0.034375 0.16666666666666666
0 0.64140625 0.8851851851851852 0.050520833333333334 0.225
0 0.70859375 0.5449074074074074 0.035416666666666666 0.18888888888888888
0 0.19322916666666667 0.31574074074074077 0.0359375 0.16203703703703703
0 0.415625 0.6875 0.0375 0.2111111111111111
0 0.8927083333333333 0.47638888888888886 0.0421875 0.20092592592592592
0 0.44895833333333335 0.3675925925925926 0.03229166666666667 0.17592592592592593
0 0.33125 0.8004629629629629 0.042708333333333334 0.18703703703703703
0 0.5549479166666667 0.875 0.05677083333333333 0.22777777777777777
0 0.5458333333333333 0.36157407407407405 0.035416666666666666 0.1787037037037037
0 0.41770833333333335 0.33935185185185185 0.03125 0.18981481481481483
0 0.6692708333333334 0.7625 0.057291666666666664 0.2351851851851852
0 0.98125 0.49583333333333335 0.03697916666666667 0.13796296296296295
0 0.22916666666666666 0.2569444444444444 0.027604166666666666 0.16666666666666666
0 0.2859375 0.21805555555555556 0.028125 0.14722222222222223
0 0.8510416666666667 0.3300925925925926 0.0328125 0.17314814814814813
0 0.70078125 0.9657407407407408 0.042708333333333334 0.06851851851851852
0 0.53828125 0.924074074074074 0.03854166666666667 0.15
0 0.73125 0.6680555555555555 0.04479166666666667 0.22685185185185186
0 0.23411458333333332 0.23981481481481481 0.0375 0.20092592592592592
0 0.73515625 0.6657407407407407 0.029166666666666667 0.21296296296296297
0 0.90546875 0.27037037037037037 0.027604166666666666 0.15833333333333333
0 0.75078125 0.09675925925925925 0.0265625 0.12685185185185185
0 0.9848958333333333 0.300462962962963 0.0296875 0.16203703703703703
0 0.4739583333333333 0.1865740740740741 0.026041666666666668 0.14166666666666666