0 0.66796875 0.9388888888888889 0.04583333333333333 0.12222222222222222
0 0.45234375 0.887962962962963 0.05364583333333333 0.22407407407407406
0 0.06145833333333333 0.5217592592592593 0.0359375 0.20462962962962963
0 0.55546875 0.924537037037037 0.04739583333333333 0.15092592592592594
0 0.5528645833333333 0.2518518518518518 0.034895833333333334 0.17592592592592593
0 0.7075520833333333 0.5439814814814815 0.033854166666666664 0.18611111111111112
0 0.22083333333333333 0.3731481481481482 0.040625 0.17407407407407408
0 0.55 0.7805555555555556 0.04739583333333333 0.22314814814814815
0 0.3307291666666667 0.7921296296296296 0.044270833333333336 0.19444444444444445
0 0.49453125 0.23657407407407408 0.026041666666666668 0.1425925925925926
0 0.9572916666666667 0.5856481481481481 0.04479166666666667 0.19537037037037036
0 0.4 0.663425925925926 0.028645833333333332 0.19722222222222222
0 0.5997395833333333 0.31296296296296294 0.0328125 0.16944444444444445
0 0.43645833333333334 0.38101851851851853 0.03229166666666667 0.17962962962962964
0 0.9114583333333334 0.3962962962962963 0.03125 0.16111111111111112
0 0.46953125 0.23055555555555557 0.022916666666666665 0.15092592592592594
0 0.15598958333333332 0.19027777777777777 0.033854166666666664 0.17592592592592593
0 0.21067708333333332 0.22037037037037038 0.030729166666666665 0.14814814814814814
0 0.88046875 0.3925925925925926 0.035416666666666666 0.1712962962962963
0 0.4166666666666667 0.33287037037037037 0.03125 0.18425925925925926
0 0.8895833333333333 0.2638888888888889 0.027083333333333334 0.1287037037037037
0 0.18515625 0.19444444444444445 0.03177083333333333 0.16574074074074074
0 0.8645833333333334 0.17546296296296296 0.028645833333333332 0.16111111111111112
0 0.7348958333333333 0.662962962962963 0.030729166666666665 0.2101851851851852
0 0.7296875 0.6652777777777777 0.05 0.2222222222222222
0 0.540625 0.06620370370370371 0.029166666666666667 0.13148148148148148
0 0.43385416666666665 0.21435185185185185 0.023958333333333335 0.14444444444444443
0 0.9432291666666667 0.33564814814814814 0.030208333333333334 0.1537037037037037