0 0.05677083333333333 0.6194444444444445 0.04479166666666667 0.20555555555555555
0 0.6424479166666667 0.8888888888888888 0.05 0.21574074074074073
0 0.5559895833333334 0.1736111111111111 0.03229166666666667 0.17037037037037037
0 0.70859375 0.5444444444444444 0.033854166666666664 0.18981481481481483
0 0.41458333333333336 0.6842592592592592 0.03697916666666667 0.2111111111111111
0 0.19635416666666666 0.3175925925925926 0.035416666666666666 0.16018518518518518
0 0.44869791666666664 0.36944444444444446 0.03229166666666667 0.17222222222222222
0 0.546875 0.3611111111111111 0.034375 0.17685185185185184
0 0.8958333333333334 0.48333333333333334 0.04375 0.2
0 0.41796875 0.3388888888888889 0.03177083333333333 0.1925925925925926
0 0.3302083333333333 0.799074074074074 0.04375 0.18703703703703703
0 0.5549479166666667 0.874537037037037 0.05416666666666667 0.23333333333333334
0 0.534375 0.9236111111111112 0.04010416666666667 0.15092592592592594
0 0.6768229166666667 0.7773148148148148 0.0546875 0.2537037037037037
0 0.8518229166666667 0.3314814814814815 0.03333333333333333 0.16944444444444445
0 0.9828125 0.4976851851851852 0.033854166666666664 0.13796296296296295
0 0.7015625 0.9671296296296297 0.043229166666666666 0.06574074074074074
0 0.7307291666666667 0.6689814814814815 0.0484375 0.22037037037037038
0 0.28411458333333334 0.2162037037037037 0.027083333333333334 0.14629629629629629
0 0.9059895833333333 0.27175925925925926 0.028125 0.15925925925925927
0 0.73515625 0.6680555555555555 0.030208333333333334 0.21203703703703702
0 0.7505208333333333 0.1 0.025520833333333333 0.12962962962962962