0 0.6630208333333333 0.9333333333333333 0.046875 0.13333333333333333
0 0.56015625 0.9287037037037037 0.0484375 0.1425925925925926
0 0.4549479166666667 0.8912037037037037 0.05260416666666667 0.2175925925925926
0 0.059895833333333336 0.5203703703703704 0.03958333333333333 0.2
0 0.55 0.7865740740740741 0.05364583333333333 0.2222222222222222
0 0.55234375 0.24768518518518517 0.036458333333333336 0.17962962962962964
0 0.7083333333333334 0.5449074074074074 0.035416666666666666 0.18796296296296297
0 0.22473958333333333 0.3680555555555556 0.0390625 0.17685185185185184
0 0.33151041666666664 0.7925925925925926 0.042708333333333334 0.1935185185185185
0 0.9546875 0.5791666666666667 0.042708333333333334 0.19814814814814816
0 0.43854166666666666 0.37962962962962965 0.0328125 0.18333333333333332
0 0.5950520833333334 0.3175925925925926 0.034375 0.1685185185185185
0 0.4153645833333333 0.3388888888888889 0.028125 0.18333333333333332
0 0.4934895833333333 0.23055555555555557 0.024479166666666666 0.1398148148148148
0 0.3997395833333333 0.6601851851851852 0.027604166666666666 0.20185185185185187
0 0.8833333333333333 0.2601851851851852 0.028645833333333332 0.13425925925925927
0 0.8635416666666667 0.1712962962962963 0.029166666666666667 0.15833333333333333
0 0.46901041666666665 0.22546296296296298 0.021354166666666667 0.14722222222222223
0 0.1515625 0.18981481481481483 0.03333333333333333 0.175
0 0.7575520833333333 0.0837962962962963 0.030729166666666665 0.15648148148148147
0 0.83984375 0.9731481481481481 0.0484375 0.053703703703703705
0 0.9377604166666667 0.33611111111111114 0.03229166666666667 0.1685185185185185
0 0.18776041666666668 0.19537037037037036 0.0296875 0.1638888888888889
0 0.7359375 0.6666666666666666 0.029166666666666667 0.2064814814814815
0 0.7296875 0.6694444444444444 0.051041666666666666 0.2212962962962963
0 0.43385416666666665 0.2162037037037037 0.026041666666666668 0.1527777777777778
0 0.11666666666666667 0.19398148148148148 0.0390625 0.16296296296296298
0 0.8752604166666667 0.39490740740740743 0.03854166666666667 0.16296296296296298