0 0.06041666666666667 0.5726851851851852 0.041666666666666664 0.2074074074074074
0 0.6479166666666667 0.9120370370370371 0.04739583333333333 0.17592592592592593
0 0.7723958333333333 0.8925925925925926 0.058333333333333334 0.2101851851851852
0 0.559375 0.20185185185185187 0.035416666666666666 0.15
0 0.7078125 0.5444444444444444 0.034895833333333334 0.18888888888888888
0 0.21328125 0.3416666666666667 0.042708333333333334 0.1712962962962963
0 0.9294270833333333 0.5365740740740741 0.04635416666666667 0.21574074074074073
0 0.44921875 0.37175925925925923 0.03333333333333333 0.1675925925925926
0 0.5510416666666667 0.8388888888888889 0.05677083333333333 0.23796296296296296
0 0.49166666666666664 0.9162037037037037 0.0609375 0.1675925925925926
0 0.33125 0.788425925925926 0.042708333333333334 0.19907407407407407
0 0.4005208333333333 0.6685185185185185 0.030208333333333334 0.20277777777777778
0 0.41901041666666666 0.3398148148148148 0.03125 0.1925925925925926
0 0.14869791666666668 0.19305555555555556 0.0328125 0.17685185185185184
0 0.4861979166666667 0.21064814814814814 0.025 0.1388888888888889
0 0.5848958333333333 0.961574074074074 0.046875 0.07685185185185185
0 0.5666666666666667 0.3472222222222222 0.03333333333333333 0.16203703703703703
0 0.17916666666666667 0.19305555555555556 0.0296875 0.21203703703703702
0 0.865625 0.36157407407407405 0.034895833333333334 0.1685185185185185
0 0.23619791666666667 0.2199074074074074 0.033854166666666664 0.1574074074074074
0 0.12421875 0.18935185185185185 0.024479166666666666 0.14814814814814814
0 0.4583333333333333 0.20324074074074075 0.022916666666666665 0.1425925925925926
0 0.9208333333333333 0.3055555555555556 0.03229166666666667 0.16574074074074074