0 0.06067708333333333 0.6050925925925926 0.0421875 0.20092592592592592
0 0.6442708333333333 0.8944444444444445 0.05520833333333333 0.20833333333333334
0 0.5578125 0.17222222222222222 0.034375 0.17222222222222222
0 0.70859375 0.5439814814814815 0.034895833333333334 0.18703703703703703
0 0.44921875 0.37037037037037035 0.030729166666666665 0.17037037037037037
0 0.4114583333333333 0.6796296296296296 0.034375 0.20555555555555555
0 0.5528645833333333 0.8712962962962963 0.05625 0.23796296296296296
0 0.9010416666666666 0.500462962962963 0.04479166666666667 0.20462962962962963
0 0.5489583333333333 0.36064814814814816 0.034895833333333334 0.17685185185185184
0 0.41822916666666665 0.3384259259259259 0.03177083333333333 0.1935185185185185
0 0.20260416666666667 0.3175925925925926 0.03802083333333333 0.16018518518518518
0 0.5268229166666667 0.9222222222222223 0.044270833333333336 0.15462962962962962
0 0.6921875 0.774074074074074 0.05572916666666667 0.1962962962962963
0 0.8541666666666666 0.33935185185185185 0.033854166666666664 0.17592592592592593
0 0.98359375 0.5097222222222222 0.03229166666666667 0.12777777777777777
0 0.3294270833333333 0.7958333333333333 0.04739583333333333 0.1824074074074074
0 0.9080729166666667 0.2796296296296296 0.030208333333333334 0.15925925925925927
0 0.7348958333333333 0.6671296296296296 0.03177083333333333 0.2175925925925926
0 0.7296875 0.6680555555555555 0.04739583333333333 0.22314814814814815
0 0.28203125 0.2152777777777778 0.025520833333333333 0.13796296296296295
0 0.47760416666666666 0.19398148148148148 0.027083333333333334 0.1398148148148148
0 0.1828125 0.16296296296296298 0.023958333333333335 0.14537037037037037
0 0.7028645833333333 0.9712962962962963 0.03802083333333333 0.05740740740740741
0 0.4515625 0.18703703703703703 0.023958333333333335 0.14444444444444443
0 0.24114583333333334 0.2152777777777778 0.025520833333333333 0.15