0 0.6807291666666667 0.9449074074074074 0.04895833333333333 0.11018518518518519
0 0.8861979166666667 0.4046296296296296 0.03958333333333333 0.18611111111111112
0 0.4515625 0.8634259259259259 0.04791666666666667 0.22870370370370371
0 0.55078125 0.26851851851851855 0.0359375 0.17592592592592593
0 0.7078125 0.5435185185185185 0.035416666666666666 0.18888888888888888
0 0.5510416666666667 0.7592592592592593 0.049479166666666664 0.21388888888888888
0 0.2234375 0.37777777777777777 0.03697916666666667 0.17222222222222222
0 0.6098958333333333 0.30694444444444446 0.03125 0.17037037037037037
0 0.5473958333333333 0.9157407407407407 0.0546875 0.1685185185185185
0 0.33125 0.7888888888888889 0.042708333333333334 0.18888888888888888
0 0.4984375 0.24351851851851852 0.022916666666666665 0.1398148148148148
0 0.43385416666666665 0.38796296296296295 0.034375 0.18518518518518517
0 0.9177083333333333 0.4050925925925926 0.028125 0.16111111111111112
0 0.39895833333333336 0.6620370370370371 0.0375 0.18703703703703703
0 0.9502604166666667 0.3537037037037037 0.036458333333333336 0.17222222222222222
0 0.86796875 0.18472222222222223 0.0296875 0.16203703703703703
0 0.47291666666666665 0.24259259259259258 0.027083333333333334 0.13796296296296295
0 0.06171875 0.5101851851851852 0.03333333333333333 0.16203703703703703
0 0.21328125 0.23194444444444445 0.03229166666666667 0.16574074074074074
0 0.9013020833333333 0.2773148148148148 0.0296875 0.14166666666666666
0 0.9625 0.5958333333333333 0.041666666666666664 0.17962962962962964
0 0.5408854166666667 0.06805555555555555 0.027604166666666666 0.13240740740740742
0 0.15963541666666667 0.17962962962962964 0.03802083333333333 0.1925925925925926
0 0.7294270833333333 0.6703703703703704 0.051041666666666666 0.22870370370370371
0 0.41458333333333336 0.3236111111111111 0.027604166666666666 0.1574074074074074
0 0.4388020833333333 0.22083333333333333 0.034375 0.16018518518518518
0 0.4817708333333333 0.06944444444444445 0.021875 0.1388888888888889
0 0.5119791666666667 0.062037037037037036 0.0265625 0.12407407407407407
0 0.7348958333333333 0.6675925925925926 0.029166666666666667 0.21481481481481482