0 0.052083333333333336 0.6601851851851852 0.041666666666666664 0.21944444444444444
0 0.54765625 0.15092592592592594 0.03333333333333333 0.16944444444444445
0 0.5364583333333334 0.37824074074074077 0.034895833333333334 0.17777777777777778
0 0.7088541666666667 0.5439814814814815 0.034895833333333334 0.19074074074074074
0 0.628125 0.8537037037037037 0.0453125 0.23703703703703705
0 0.18854166666666666 0.3013888888888889 0.03125 0.1648148148148148
0 0.40911458333333334 0.6949074074074074 0.0375 0.20185185185185187
0 0.33229166666666665 0.8037037037037037 0.0390625 0.18981481481481483
0 0.5541666666666667 0.8930555555555556 0.059895833333333336 0.21296296296296297
0 0.44947916666666665 0.36712962962962964 0.030208333333333334 0.17685185185185184
0 0.4140625 0.9652777777777778 0.041666666666666664 0.06944444444444445
0 0.41770833333333335 0.33935185185185185 0.03229166666666667 0.1925925925925926
0 0.8744791666666667 0.45 0.042708333333333334 0.19814814814814816
0 0.6200520833333333 0.6726851851851852 0.052083333333333336 0.18888888888888888
0 0.6979166666666666 0.9527777777777777 0.04791666666666667 0.09444444444444444
0 0.153125 0.25833333333333336 0.0296875 0.17037037037037037
0 0.2872395833333333 0.23055555555555557 0.025 0.13703703703703704
0 0.9638020833333333 0.48564814814814816 0.034375 0.1685185185185185
0 0.64296875 0.9680555555555556 0.04010416666666667 0.06388888888888888
0 0.2265625 0.274537037037037 0.027083333333333334 0.14907407407407408
0 0.4747395833333333 0.17592592592592593 0.0234375 0.13333333333333333
0 0.8427083333333333 0.31712962962962965 0.03229166666666667 0.17777777777777778
0 0.23984375 0.24027777777777778 0.03229166666666667 0.16944444444444445
0 0.3684895833333333 0.34953703703703703 0.028125 0.11851851851851852
0 0.79375 0.09212962962962963 0.029166666666666667 0.12129629629629629