0 0.6627604166666666 0.9282407407407407 0.051041666666666666 0.14166666666666666
0 0.5645833333333333 0.9314814814814815 0.0546875 0.13703703703703704
0 0.4622395833333333 0.8967592592592593 0.046875 0.2064814814814815
0 0.5533854166666666 0.23796296296296296 0.03854166666666667 0.17777777777777778
0 0.5486979166666667 0.7972222222222223 0.0578125 0.22777777777777777
0 0.06145833333333333 0.5236111111111111 0.03958333333333333 0.19814814814814816
0 0.22395833333333334 0.36064814814814816 0.03333333333333333 0.17314814814814813
0 0.7080729166666667 0.5449074074074074 0.033854166666666664 0.18796296296296297
0 0.5911458333333334 0.3263888888888889 0.0328125 0.175
0 0.33046875 0.7916666666666666 0.044270833333333336 0.1962962962962963
0 0.8330729166666667 0.9583333333333334 0.059895833333333336 0.08333333333333333
0 0.41744791666666664 0.3388888888888889 0.03177083333333333 0.18888888888888888
0 0.44114583333333335 0.3814814814814815 0.034895833333333334 0.17777777777777778
0 0.39895833333333336 0.6601851851851852 0.027604166666666666 0.2101851851851852
0 0.4934895833333333 0.22916666666666666 0.0234375 0.14351851851851852
0 0.95234375 0.5763888888888888 0.0421875 0.20185185185185187
0 0.4674479166666667 0.22777777777777777 0.020833333333333332 0.1425925925925926
0 0.9333333333333333 0.32731481481481484 0.035416666666666666 0.17037037037037037
0 0.14895833333333333 0.1912037037037037 0.0328125 0.1712962962962963
0 0.434375 0.21481481481481482 0.027083333333333334 0.15185185185185185
0 0.87265625 0.3824074074074074 0.035416666666666666 0.18055555555555555
0 0.7315104166666667 0.6708333333333333 0.04739583333333333 0.22962962962962963
0 0.8625 0.16944444444444445 0.028125 0.15462962962962962
0 0.9057291666666667 0.38796296296296295 0.03333333333333333 0.1675925925925926
0 0.73515625 0.6675925925925926 0.030208333333333334 0.21203703703703702
0 0.18515625 0.19537037037037036 0.033854166666666664 0.16666666666666666
0 0.8783854166666667 0.2513888888888889 0.028645833333333332 0.125