0 0.6661458333333333 0.937962962962963 0.046875 0.12407407407407407
0 0.45286458333333335 0.888425925925926 0.0546875 0.22314814814814815
0 0.06041666666666667 0.5199074074074074 0.035416666666666666 0.20555555555555555
0 0.5567708333333333 0.9263888888888889 0.04791666666666667 0.14722222222222223
0 0.553125 0.25092592592592594 0.034895833333333334 0.17592592592592593
0 0.7075520833333333 0.5444444444444444 0.03333333333333333 0.18796296296296297
0 0.55078125 0.7828703703703703 0.04895833333333333 0.22592592592592592
0 0.22161458333333334 0.37222222222222223 0.04010416666666667 0.17592592592592593
0 0.49453125 0.23657407407407408 0.026041666666666668 0.14351851851851852
0 0.3302083333333333 0.7916666666666666 0.0453125 0.19722222222222222
0 0.9111979166666667 0.39537037037037037 0.0328125 0.16111111111111112
0 0.9572916666666667 0.5847222222222223 0.044270833333333336 0.1962962962962963
0 0.43697916666666664 0.3800925925925926 0.030729166666666665 0.17962962962962964
0 0.5981770833333333 0.3143518518518518 0.034895833333333334 0.17037037037037037
0 0.4 0.663425925925926 0.029166666666666667 0.2
0 0.46927083333333336 0.22962962962962963 0.022916666666666665 0.15
0 0.8799479166666667 0.3912037037037037 0.036458333333333336 0.17407407407407408
0 0.4166666666666667 0.3337962962962963 0.030208333333333334 0.18425925925925926
0 0.88828125 0.26342592592592595 0.027604166666666666 0.12777777777777777
0 0.7294270833333333 0.6703703703703704 0.050520833333333334 0.22870370370370371
0 0.15520833333333334 0.18888888888888888 0.0328125 0.1787037037037037
0 0.8643229166666667 0.17546296296296296 0.029166666666666667 0.16018518518518518
0 0.7346354166666667 0.6671296296296296 0.03177083333333333 0.21388888888888888
0 0.18541666666666667 0.19583333333333333 0.03229166666666667 0.1648148148148148
0 0.21041666666666667 0.21157407407407408 0.0296875 0.1537037037037037
0 0.43307291666666664 0.21203703703703702 0.0234375 0.1398148148148148
0 0.540625 0.06574074074074074 0.028645833333333332 0.12962962962962962
0 0.9416666666666667 0.3375 0.029166666666666667 0.15648148148148147