0 0.6622395833333333 0.9328703703703703 0.046875 0.13425925925925927
0 0.45598958333333334 0.8912037037037037 0.052083333333333336 0.21666666666666667
0 0.5526041666666667 0.24675925925925926 0.035416666666666666 0.17962962962962964
0 0.5609375 0.9287037037037037 0.050520833333333334 0.1425925925925926
0 0.06015625 0.5194444444444445 0.040625 0.2
0 0.54921875 0.7856481481481481 0.052083333333333336 0.2175925925925926
0 0.22421875 0.36527777777777776 0.0359375 0.1712962962962963
0 0.7080729166666667 0.5449074074074074 0.034375 0.18703703703703703
0 0.33098958333333334 0.7921296296296296 0.04375 0.19537037037037036
0 0.95390625 0.5814814814814815 0.043229166666666666 0.2
0 0.5940104166666667 0.3194444444444444 0.03333333333333333 0.1712962962962963
0 0.4395833333333333 0.3763888888888889 0.033854166666666664 0.1824074074074074
0 0.4 0.6615740740740741 0.027604166666666666 0.2064814814814815
0 0.4166666666666667 0.337037037037037 0.03125 0.18888888888888888
0 0.49296875 0.22962962962962963 0.024479166666666666 0.14074074074074075
0 0.8828125 0.25925925925925924 0.029166666666666667 0.13425925925925927
0 0.46848958333333335 0.22916666666666666 0.020833333333333332 0.14166666666666666
0 0.14895833333333333 0.18981481481481483 0.034375 0.17685185185185184
0 0.8638020833333333 0.17175925925925925 0.027604166666666666 0.15648148148148147
0 0.8390625 0.9699074074074074 0.052083333333333336 0.06018518518518518
0 0.18776041666666668 0.19444444444444445 0.030208333333333334 0.1648148148148148
0 0.434375 0.21574074074074073 0.027083333333333334 0.14722222222222223
0 0.7359375 0.6652777777777777 0.0296875 0.20555555555555555
0 0.73046875 0.6689814814814815 0.049479166666666664 0.2175925925925926
0 0.75703125 0.0824074074074074 0.030729166666666665 0.15648148148148147
0 0.11848958333333333 0.1935185185185185 0.035416666666666666 0.1648148148148148
0 0.9375 0.3337962962962963 0.03125 0.17222222222222222
0 0.21302083333333333 0.21064814814814814 0.027083333333333334 0.1398148148148148