0 0.6622395833333333 0.9314814814814815 0.0484375 0.13518518518518519
0 0.55234375 0.24351851851851852 0.036458333333333336 0.17685185185185184
0 0.5486979166666667 0.7916666666666666 0.05572916666666667 0.225
0 0.5638020833333334 0.9287037037037037 0.053125 0.1425925925925926
0 0.45859375 0.8944444444444445 0.050520833333333334 0.2111111111111111
0 0.06067708333333333 0.5212962962962963 0.04010416666666667 0.19722222222222222
0 0.22369791666666666 0.36018518518518516 0.03333333333333333 0.16944444444444445
0 0.7078125 0.5449074074074074 0.033854166666666664 0.18796296296296297
0 0.5927083333333333 0.32407407407407407 0.033854166666666664 0.175
0 0.3307291666666667 0.7925925925925926 0.04375 0.19722222222222222
0 0.953125 0.5810185185185185 0.042708333333333334 0.20092592592592592
0 0.41744791666666664 0.3375 0.03229166666666667 0.19166666666666668
0 0.39895833333333336 0.6606481481481481 0.027604166666666666 0.2064814814814815
0 0.49296875 0.22962962962962963 0.025 0.1425925925925926
0 0.43984375 0.38287037037037036 0.0359375 0.17777777777777778
0 0.8361979166666667 0.9634259259259259 0.05625 0.07314814814814814
0 0.46796875 0.23287037037037037 0.021354166666666667 0.13240740740740742
0 0.14895833333333333 0.19212962962962962 0.03333333333333333 0.16944444444444445
0 0.8630208333333333 0.1712962962962963 0.029166666666666667 0.1574074074074074
0 0.18697916666666667 0.19444444444444445 0.030208333333333334 0.16296296296296298
0 0.90703125 0.38981481481481484 0.0328125 0.16574074074074074
0 0.9348958333333334 0.3296296296296296 0.034375 0.17314814814814813
0 0.43385416666666665 0.21435185185185185 0.026041666666666668 0.15
0 0.8815104166666666 0.25416666666666665 0.029166666666666667 0.13240740740740742
0 0.73515625 0.662962962962963 0.03125 0.20462962962962963
0 0.8734375 0.38842592592592595 0.0359375 0.17407407407407408
0 0.2125 0.20694444444444443 0.025520833333333333 0.13796296296296295
0 0.73046875 0.6666666666666666 0.04895833333333333 0.21851851851851853
0 0.53984375 0.06342592592592593 0.025520833333333333 0.12222222222222222
0 0.11770833333333333 0.1935185185185185 0.0359375 0.1648148148148148