0 0.5674479166666667 0.9375 0.057291666666666664 0.125
0 0.6645833333333333 0.9263888888888889 0.05625 0.14629629629629629
0 0.4700520833333333 0.9018518518518519 0.04375 0.1962962962962963
0 0.5484375 0.8083333333333333 0.05625 0.2324074074074074
0 0.061197916666666664 0.5361111111111111 0.036458333333333336 0.19814814814814816
0 0.55390625 0.2310185185185185 0.0359375 0.17407407407407408
0 0.7083333333333334 0.5444444444444444 0.034895833333333334 0.18888888888888888
0 0.5877604166666667 0.3277777777777778 0.03177083333333333 0.17222222222222222
0 0.221875 0.3574074074074074 0.03177083333333333 0.16666666666666666
0 0.33046875 0.7916666666666666 0.044270833333333336 0.19907407407407407
0 0.9505208333333334 0.5675925925925925 0.049479166666666664 0.23055555555555557
0 0.8265625 0.9476851851851852 0.0640625 0.10462962962962963
0 0.39739583333333334 0.6583333333333333 0.03177083333333333 0.21296296296296297
0 0.8716145833333333 0.3773148148148148 0.033854166666666664 0.17037037037037037
0 0.49244791666666665 0.2263888888888889 0.024479166666666666 0.1388888888888889
0 0.41744791666666664 0.3388888888888889 0.03125 0.18703703703703703
0 0.44375 0.37824074074074077 0.034375 0.1824074074074074
0 0.8627604166666667 0.1625 0.027604166666666666 0.15185185185185185
0 0.14791666666666667 0.19212962962962962 0.036458333333333336 0.17222222222222222
0 0.1828125 0.1962962962962963 0.036458333333333336 0.17407407407407408
0 0.4661458333333333 0.21898148148148147 0.022395833333333334 0.1537037037037037
0 0.90546875 0.38287037037037036 0.0359375 0.16574074074074074
0 0.7348958333333333 0.6648148148148149 0.030729166666666665 0.2111111111111111
0 0.7302083333333333 0.6685185185185185 0.04739583333333333 0.22685185185185186
0 0.9309895833333334 0.31805555555555554 0.0328125 0.16203703703703703
0 0.875 0.24814814814814815 0.027604166666666666 0.11944444444444445
0 0.4322916666666667 0.21435185185185185 0.023958333333333335 0.15185185185185185