0 0.04921875 0.6638888888888889 0.04010416666666667 0.21851851851851853
0 0.5434895833333333 0.1425925925925926 0.03177083333333333 0.1712962962962963
0 0.6291666666666667 0.8583333333333333 0.0515625 0.2175925925925926
0 0.5322916666666667 0.387037037037037 0.033854166666666664 0.18055555555555555
0 0.709375 0.5435185185185185 0.03697916666666667 0.1925925925925926
0 0.6958333333333333 0.95 0.0515625 0.1
0 0.55625 0.8976851851851851 0.06041666666666667 0.20462962962962963
0 0.6091145833333333 0.6523148148148148 0.049479166666666664 0.18425925925925926
0 0.18645833333333334 0.2949074074074074 0.030729166666666665 0.16203703703703703
0 0.33229166666666665 0.8037037037037037 0.03854166666666667 0.18981481481481483
0 0.44921875 0.3662037037037037 0.030208333333333334 0.17777777777777778
0 0.40677083333333336 0.6986111111111111 0.046875 0.20925925925925926
0 0.42135416666666664 0.9625 0.0421875 0.075
0 0.41822916666666665 0.3388888888888889 0.03177083333333333 0.19444444444444445
0 0.15 0.25787037037037036 0.027604166666666666 0.16296296296296298
0 0.959375 0.4828703703703704 0.0390625 0.1685185185185185
0 0.8669270833333333 0.44583333333333336 0.041666666666666664 0.1962962962962963
0 0.2265625 0.2810185185185185 0.030208333333333334 0.15925925925925927
0 0.9533854166666667 0.26851851851851855 0.03177083333333333 0.15648148148148147
0 0.2872395833333333 0.23564814814814813 0.027083333333333334 0.13055555555555556
0 0.7919270833333333 0.09166666666666666 0.027083333333333334 0.11944444444444445
0 0.4739583333333333 0.17546296296296296 0.021875 0.13148148148148148
0 0.8401041666666667 0.30648148148148147 0.03333333333333333 0.16944444444444445
0 0.63984375 0.9638888888888889 0.043229166666666666 0.07222222222222222
0 0.6096354166666667 0.6268518518518519 0.04895833333333333 0.13055555555555556
0 0.24036458333333333 0.2375 0.03125 0.1537037037037037
0 0.9033854166666667 0.42685185185185187 0.034895833333333334 0.18796296296296297
0 0.36822916666666666 0.35 0.028125 0.12129629629629629
0 0.7341145833333333 0.6717592592592593 0.044270833333333336 0.22962962962962963