0 0.06171875 0.6013888888888889 0.03854166666666667 0.20092592592592592
0 0.5588541666666667 0.1763888888888889 0.034895833333333334 0.16203703703703703
0 0.6419270833333334 0.8953703703703704 0.05416666666666667 0.20185185185185187
0 0.7083333333333334 0.5444444444444444 0.034895833333333334 0.18703703703703703
0 0.44921875 0.37037037037037035 0.030729166666666665 0.16944444444444445
0 0.8559895833333333 0.3458333333333333 0.034895833333333334 0.17407407407407408
0 0.40963541666666664 0.6759259259259259 0.036458333333333336 0.19907407407407407
0 0.553125 0.8685185185185185 0.05625 0.23703703703703705
0 0.52578125 0.9217592592592593 0.0484375 0.1527777777777778
0 0.41796875 0.3388888888888889 0.03125 0.1925925925925926
0 0.5515625 0.3560185185185185 0.034375 0.1824074074074074
0 0.9052083333333333 0.5018518518518519 0.0484375 0.20185185185185187
0 0.20520833333333333 0.3194444444444444 0.036458333333333336 0.16111111111111112
0 0.9088541666666666 0.2861111111111111 0.030208333333333334 0.1675925925925926
0 0.7018229166666666 0.7865740740740741 0.05520833333333333 0.1962962962962963
0 0.4513020833333333 0.18703703703703703 0.025 0.14444444444444443
0 0.33307291666666666 0.7930555555555555 0.03802083333333333 0.1824074074074074
0 0.47942708333333334 0.19583333333333333 0.027083333333333334 0.1361111111111111
0 0.72890625 0.6680555555555555 0.049479166666666664 0.2212962962962963
0 0.8825520833333333 0.3449074074074074 0.029166666666666667 0.16111111111111112
0 0.28046875 0.20694444444444443 0.023958333333333335 0.14814814814814814
0 0.7346354166666667 0.6657407407407407 0.03125 0.21296296296296297
0 0.4236979166666667 0.19814814814814816 0.03229166666666667 0.1425925925925926