0 0.6731770833333334 0.9402777777777778 0.046875 0.11944444444444445
0 0.44973958333333336 0.8824074074074074 0.0515625 0.2351851851851852
0 0.0609375 0.5111111111111111 0.04010416666666667 0.19166666666666668
0 0.2203125 0.3773148148148148 0.03958333333333333 0.175
0 0.5528645833333333 0.2569444444444444 0.03697916666666667 0.18333333333333332
0 0.7080729166666667 0.5449074074074074 0.0359375 0.18888888888888888
0 0.5513020833333333 0.9194444444444444 0.053125 0.16111111111111112
0 0.49557291666666664 0.2412037037037037 0.025 0.13796296296296295
0 0.55078125 0.774537037037037 0.04635416666666667 0.21666666666666667
0 0.33229166666666665 0.7893518518518519 0.04114583333333333 0.19166666666666668
0 0.43385416666666665 0.3837962962962963 0.0359375 0.18333333333333332
0 0.3997395833333333 0.6652777777777777 0.03177083333333333 0.19722222222222222
0 0.9578125 0.5921296296296297 0.04479166666666667 0.17962962962962964
0 0.6026041666666667 0.31527777777777777 0.03229166666666667 0.1675925925925926
0 0.8661458333333333 0.18009259259259258 0.0296875 0.15555555555555556
0 0.8833333333333333 0.39305555555555555 0.035416666666666666 0.17962962962962964
0 0.9145833333333333 0.40324074074074073 0.03229166666666667 0.1574074074074074
0 0.15625 0.17824074074074073 0.034895833333333334 0.19814814814814816
0 0.4713541666666667 0.2361111111111111 0.022916666666666665 0.14351851851851852
0 0.9471354166666667 0.3388888888888889 0.03177083333333333 0.1638888888888889
0 0.7299479166666667 0.6694444444444444 0.0484375 0.22592592592592592
0 0.4359375 0.21712962962962962 0.027604166666666666 0.15555555555555556
0 0.7354166666666667 0.6680555555555555 0.0296875 0.2101851851851852
0 0.41510416666666666 0.32314814814814813 0.029166666666666667 0.16296296296296298
0 0.540625 0.06759259259259259 0.0296875 0.13518518518518519