0 0.053125 0.6370370370370371 0.0421875 0.20833333333333334
0 0.5401041666666667 0.37824074074074077 0.0359375 0.18055555555555555
0 0.5533854166666666 0.8893518518518518 0.059375 0.2212962962962963
0 0.190625 0.3050925925925926 0.03177083333333333 0.1638888888888889
0 0.7080729166666667 0.5462962962962963 0.034895833333333334 0.19444444444444445
0 0.4153645833333333 0.6902777777777778 0.03802083333333333 0.2064814814814815
0 0.33203125 0.8023148148148148 0.03854166666666667 0.18981481481481483
0 0.5489583333333333 0.15601851851851853 0.03229166666666667 0.17037037037037037
0 0.63359375 0.8722222222222222 0.04739583333333333 0.22407407407407406
0 0.44947916666666665 0.36712962962962964 0.030208333333333334 0.17685185185185184
0 0.8817708333333333 0.47129629629629627 0.044270833333333336 0.20925925925925926
0 0.41796875 0.33935185185185185 0.03177083333333333 0.1925925925925926
0 0.6984375 0.9592592592592593 0.04895833333333333 0.08148148148148149
0 0.2872395833333333 0.22546296296296298 0.025520833333333333 0.14351851851851852
0 0.23072916666666668 0.25787037037037036 0.03177083333333333 0.17314814814814813
0 0.97109375 0.4925925925925926 0.0375 0.15462962962962962
0 0.6385416666666667 0.6967592592592593 0.0546875 0.18611111111111112
0 0.6479166666666667 0.9731481481481481 0.04010416666666667 0.053703703703703705
0 0.47421875 0.1814814814814815 0.0234375 0.1388888888888889
0 0.73515625 0.6671296296296296 0.03125 0.2101851851851852
0 0.2359375 0.24768518518518517 0.03854166666666667 0.1925925925925926
0 0.9033854166666667 0.2662037037037037 0.0296875 0.1574074074074074
0 0.8453125 0.3199074074074074 0.033854166666666664 0.17314814814814813
0 0.775 0.9685185185185186 0.04479166666666667 0.06296296296296296
0 0.7346354166666667 0.6708333333333333 0.042708333333333334 0.2222222222222222
0 0.7955729166666666 0.09537037037037037 0.024479166666666666 0.10740740740740741
0 0.15598958333333332 0.25 0.027604166666666666 0.16111111111111112
0 0.9877604166666667 0.29953703703703705 0.0234375 0.1787037037037037