0 0.6752604166666667 0.9407407407407408 0.04895833333333333 0.11851851851851852
0 0.44947916666666665 0.8736111111111111 0.05 0.22777777777777777
0 0.5533854166666666 0.2601851851851852 0.03958333333333333 0.17962962962962964
0 0.22213541666666667 0.37824074074074077 0.04114583333333333 0.17777777777777778
0 0.7080729166666667 0.5462962962962963 0.0375 0.1935185185185185
0 0.5505208333333333 0.7703703703703704 0.04635416666666667 0.21666666666666667
0 0.49661458333333336 0.24259259259259258 0.0234375 0.1388888888888889
0 0.06067708333333333 0.5023148148148148 0.03958333333333333 0.1814814814814815
0 0.8666666666666667 0.1837962962962963 0.0296875 0.15833333333333333
0 0.33151041666666664 0.7898148148148149 0.0421875 0.19166666666666668
0 0.4328125 0.3851851851851852 0.0375 0.1824074074074074
0 0.88515625 0.399537037037037 0.0390625 0.1824074074074074
0 0.3997395833333333 0.6662037037037037 0.0328125 0.19722222222222222
0 0.6041666666666666 0.3143518518518518 0.03177083333333333 0.1685185185185185
0 0.9151041666666667 0.4050925925925926 0.03229166666666667 0.15925925925925927
0 0.9604166666666667 0.5972222222222222 0.042708333333333334 0.18333333333333332
0 0.5505208333333333 0.9231481481481482 0.053125 0.1537037037037037
0 0.43723958333333335 0.2175925925925926 0.028645833333333332 0.15648148148148147
0 0.47317708333333336 0.23981481481481481 0.022395833333333334 0.13518518518518519
0 0.94765625 0.3472222222222222 0.03333333333333333 0.16666666666666666
0 0.7291666666666666 0.6703703703703704 0.049479166666666664 0.22870370370370371
0 0.89453125 0.2625 0.027083333333333334 0.12222222222222222
0 0.41484375 0.32222222222222224 0.028645833333333332 0.16018518518518518
0 0.5403645833333334 0.06805555555555555 0.028125 0.13518518518518519
0 0.73671875 0.6763888888888889 0.027604166666666666 0.21574074074074073
0 0.15833333333333333 0.1787037037037037 0.0390625 0.19907407407407407