0 0.05260416666666667 0.6458333333333334 0.03958333333333333 0.21296296296296297
0 0.6317708333333333 0.8666666666666667 0.046875 0.21944444444444444
0 0.5393229166666667 0.37824074074074077 0.034375 0.17962962962962964
0 0.553125 0.8902777777777777 0.059375 0.21944444444444444
0 0.5484375 0.1574074074074074 0.03229166666666667 0.17037037037037037
0 0.4140625 0.6902777777777778 0.03854166666666667 0.2064814814814815
0 0.19010416666666666 0.3050925925925926 0.03125 0.16111111111111112
0 0.7083333333333334 0.5458333333333333 0.0359375 0.1925925925925926
0 0.44921875 0.3662037037037037 0.030208333333333334 0.1787037037037037
0 0.33203125 0.8046296296296296 0.03802083333333333 0.19074074074074074
0 0.41770833333333335 0.33935185185185185 0.03177083333333333 0.1925925925925926
0 0.8796875 0.4615740740740741 0.04635416666666667 0.20092592592592592
0 0.6984375 0.9564814814814815 0.04895833333333333 0.08703703703703704
0 0.96796875 0.487962962962963 0.036458333333333336 0.16018518518518518
0 0.6328125 0.6893518518518519 0.053125 0.18703703703703703
0 0.84453125 0.31574074074074077 0.03177083333333333 0.16944444444444445
0 0.4747395833333333 0.17962962962962964 0.0234375 0.13796296296296295
0 0.22994791666666667 0.25925925925925924 0.0296875 0.1712962962962963
0 0.6463541666666667 0.9726851851851852 0.040625 0.05462962962962963
0 0.2872395833333333 0.2300925925925926 0.024479166666666666 0.1361111111111111
0 0.7768229166666667 0.9685185185185186 0.0453125 0.06296296296296296
0 0.7953125 0.0962962962962963 0.025520833333333333 0.11203703703703703
0 0.73515625 0.6717592592592593 0.0421875 0.22314814814814815
0 0.7354166666666667 0.6675925925925926 0.0296875 0.2101851851851852
0 0.4359375 0.18611111111111112 0.033854166666666664 0.1638888888888889
0 0.23802083333333332 0.2513888888888889 0.04010416666666667 0.18611111111111112
0 0.15572916666666667 0.24861111111111112 0.027604166666666666 0.1638888888888889
0 0.40729166666666666 0.975 0.0375 0.05