0 0.6817708333333333 0.9462962962962963 0.05 0.10740740740740741
0 0.4518229166666667 0.8634259259259259 0.04739583333333333 0.23148148148148148
0 0.8861979166666667 0.4046296296296296 0.03958333333333333 0.18518518518518517
0 0.7080729166666667 0.5435185185185185 0.0359375 0.18888888888888888
0 0.6104166666666667 0.3060185185185185 0.030729166666666665 0.1685185185185185
0 0.55078125 0.7592592592592593 0.049479166666666664 0.21574074074074073
0 0.5463541666666667 0.9125 0.05625 0.175
0 0.55078125 0.26990740740740743 0.0359375 0.17962962962962964
0 0.4986979166666667 0.24444444444444444 0.0234375 0.1388888888888889
0 0.22395833333333334 0.38101851851851853 0.0375 0.175
0 0.43385416666666665 0.38796296296296295 0.0359375 0.18518518518518517
0 0.33098958333333334 0.7898148148148149 0.04375 0.19166666666666668
0 0.06171875 0.5 0.033854166666666664 0.18425925925925926
0 0.39895833333333336 0.6652777777777777 0.0390625 0.19166666666666668
0 0.91796875 0.4060185185185185 0.027604166666666666 0.16203703703703703
0 0.8684895833333334 0.18472222222222223 0.030729166666666665 0.16111111111111112
0 0.94921875 0.3537037037037037 0.035416666666666666 0.16944444444444445
0 0.47239583333333335 0.24444444444444444 0.026041666666666668 0.1388888888888889
0 0.21302083333333333 0.22870370370370371 0.03333333333333333 0.16111111111111112
0 0.15989583333333332 0.17824074074074073 0.03854166666666667 0.1962962962962963
0 0.5408854166666667 0.06805555555555555 0.028125 0.13425925925925927
0 0.9026041666666667 0.274537037037037 0.030208333333333334 0.13240740740740742
0 0.9622395833333334 0.5972222222222222 0.0421875 0.1814814814814815
0 0.05286458333333333 0.48703703703703705 0.05625 0.21203703703703702
0 0.73046875 0.6694444444444444 0.05 0.22962962962962963
0 0.5125 0.062037037037037036 0.026041666666666668 0.12407407407407407
0 0.7354166666666667 0.6648148148148149 0.028125 0.21296296296296297
0 0.41458333333333336 0.3236111111111111 0.028125 0.16203703703703703
0 0.4390625 0.21944444444444444 0.035416666666666666 0.15555555555555556