0 0.062239583333333334 0.600462962962963 0.03802083333333333 0.2074074074074074
0 0.5588541666666667 0.18611111111111112 0.034375 0.16111111111111112
0 0.7080729166666667 0.5449074074074074 0.034895833333333334 0.18796296296296297
0 0.6408854166666667 0.9 0.05416666666666667 0.1962962962962963
0 0.45 0.37037037037037035 0.03177083333333333 0.1675925925925926
0 0.91328125 0.5083333333333333 0.040625 0.2074074074074074
0 0.20625 0.3282407407407407 0.035416666666666666 0.16666666666666666
0 0.5520833333333334 0.8574074074074074 0.06041666666666667 0.24074074074074073
0 0.8572916666666667 0.3476851851851852 0.034375 0.17592592592592593
0 0.4088541666666667 0.6731481481481482 0.03958333333333333 0.20462962962962963
0 0.5575520833333333 0.3541666666666667 0.03229166666666667 0.16666666666666666
0 0.41822916666666665 0.3398148148148148 0.03177083333333333 0.1925925925925926
0 0.33203125 0.787962962962963 0.0390625 0.18888888888888888
0 0.5169270833333334 0.9212962962962963 0.034375 0.15555555555555556
0 0.71796875 0.8148148148148148 0.058333333333333334 0.20277777777777778
0 0.42161458333333335 0.19675925925925927 0.0328125 0.14166666666666666
0 0.91171875 0.28055555555555556 0.030208333333333334 0.14629629629629629
0 0.7296875 0.6722222222222223 0.05 0.23333333333333334
0 0.8848958333333333 0.3458333333333333 0.0296875 0.1638888888888889
0 0.45260416666666664 0.19027777777777777 0.021875 0.1425925925925926
0 0.73515625 0.6675925925925926 0.0328125 0.21388888888888888
0 0.9885416666666667 0.5092592592592593 0.022395833333333334 0.1175925925925926
0 0.9403645833333333 0.5032407407407408 0.0296875 0.18425925925925926
0 0.9395833333333333 0.2912037037037037 0.027604166666666666 0.15092592592592594