0 0.062239583333333334 0.600925925925926 0.03854166666666667 0.20092592592592592
0 0.6421875 0.8958333333333334 0.0546875 0.20092592592592592
0 0.5591145833333333 0.17824074074074073 0.034895833333333334 0.16203703703703703
0 0.7083333333333334 0.5444444444444444 0.035416666666666666 0.18703703703703703
0 0.44947916666666665 0.37083333333333335 0.030208333333333334 0.1685185185185185
0 0.85625 0.34675925925925927 0.034375 0.17592592592592593
0 0.41848958333333336 0.3398148148148148 0.03125 0.19166666666666668
0 0.5526041666666667 0.35324074074074074 0.034375 0.18333333333333332
0 0.525 0.9226851851851852 0.05364583333333333 0.15462962962962962
0 0.40989583333333335 0.6773148148148148 0.03697916666666667 0.2037037037037037
0 0.5536458333333333 0.8666666666666667 0.058854166666666666 0.23796296296296296
0 0.7057291666666666 0.8041666666666667 0.058333333333333334 0.22037037037037038
0 0.20520833333333333 0.32175925925925924 0.0359375 0.16203703703703703
0 0.9078125 0.5013888888888889 0.042708333333333334 0.2
0 0.9088541666666666 0.2875 0.030729166666666665 0.17037037037037037
0 0.4513020833333333 0.1884259259259259 0.025520833333333333 0.14351851851851852
0 0.3302083333333333 0.7925925925925926 0.04479166666666667 0.18055555555555555
0 0.42291666666666666 0.19768518518518519 0.03177083333333333 0.14166666666666666
0 0.48020833333333335 0.19675925925925927 0.025 0.13148148148148148
0 0.7291666666666666 0.6699074074074074 0.050520833333333334 0.22314814814814815
0 0.8833333333333333 0.32546296296296295 0.030729166666666665 0.2111111111111111
0 0.73515625 0.6657407407407407 0.030208333333333334 0.2111111111111111
0 0.28020833333333334 0.20925925925925926 0.0234375 0.14722222222222223