0 0.06041666666666667 0.5787037037037037 0.0421875 0.2064814814814815
0 0.6416666666666667 0.9087962962962963 0.04479166666666667 0.1824074074074074
0 0.5575520833333333 0.19768518518518519 0.034895833333333334 0.1712962962962963
0 0.21276041666666667 0.3333333333333333 0.034375 0.17037037037037037
0 0.7083333333333334 0.5444444444444444 0.034895833333333334 0.18703703703703703
0 0.9247395833333333 0.5305555555555556 0.04114583333333333 0.20462962962962963
0 0.5528645833333333 0.8412037037037037 0.05625 0.23333333333333334
0 0.3299479166666667 0.7870370370370371 0.044270833333333336 0.19814814814814816
0 0.7549479166666667 0.8791666666666667 0.0609375 0.24166666666666667
0 0.5036458333333333 0.9194444444444444 0.04895833333333333 0.16018518518518518
0 0.45 0.3712962962962963 0.0328125 0.1675925925925926
0 0.5640625 0.35694444444444445 0.0328125 0.15555555555555556
0 0.40208333333333335 0.674074074074074 0.0328125 0.20925925925925926
0 0.4192708333333333 0.3384259259259259 0.03229166666666667 0.19537037037037036
0 0.59375 0.9671296296296297 0.04375 0.06574074074074074
0 0.9153645833333334 0.2986111111111111 0.0296875 0.1537037037037037
0 0.48411458333333335 0.20879629629629629 0.022916666666666665 0.1388888888888889
0 0.14869791666666668 0.19212962962962962 0.03125 0.17685185185185184
0 0.12213541666666666 0.18518518518518517 0.03177083333333333 0.16018518518518518
0 0.86015625 0.35694444444444445 0.03177083333333333 0.175
0 0.42239583333333336 0.19814814814814816 0.03229166666666667 0.13333333333333333
0 0.4552083333333333 0.20046296296296295 0.021354166666666667 0.1388888888888889
0 0.7294270833333333 0.6722222222222223 0.04739583333333333 0.22685185185185186