0 0.0609375 0.5833333333333334 0.03854166666666667 0.2
0 0.5583333333333333 0.19074074074074074 0.034375 0.16666666666666666
0 0.6388020833333333 0.9046296296296297 0.04583333333333333 0.19074074074074074
0 0.56171875 0.350462962962963 0.033854166666666664 0.17314814814814813
0 0.7083333333333334 0.5453703703703704 0.034895833333333334 0.18796296296296297
0 0.9203125 0.525 0.0453125 0.2111111111111111
0 0.553125 0.8430555555555556 0.058333333333333334 0.23055555555555557
0 0.2109375 0.3314814814814815 0.0328125 0.16666666666666666
0 0.5111979166666667 0.9208333333333333 0.0390625 0.15833333333333333
0 0.4505208333333333 0.3712962962962963 0.03177083333333333 0.16666666666666666
0 0.33255208333333336 0.7856481481481481 0.03854166666666667 0.1935185185185185
0 0.40677083333333336 0.674074074074074 0.03958333333333333 0.2074074074074074
0 0.41901041666666666 0.3384259259259259 0.03177083333333333 0.1925925925925926
0 0.9127604166666666 0.2935185185185185 0.0296875 0.16203703703703703
0 0.42239583333333336 0.19722222222222222 0.03229166666666667 0.1398148148148148
0 0.7393229166666667 0.8467592592592592 0.057291666666666664 0.2111111111111111
0 0.48385416666666664 0.20462962962962963 0.022916666666666665 0.13796296296296295
0 0.8609375 0.35 0.034895833333333334 0.17592592592592593
0 0.7286458333333333 0.6560185185185186 0.04791666666666667 0.19537037037037036
0 0.7356770833333334 0.6560185185185186 0.0296875 0.18611111111111112
0 0.45364583333333336 0.2 0.021875 0.14351851851851852
0 0.14791666666666667 0.1884259259259259 0.03125 0.1824074074074074
0 0.11927083333333334 0.18518518518518517 0.03229166666666667 0.15648148148148147