0 0.06041666666666667 0.5652777777777778 0.040625 0.20277777777777778
0 0.5596354166666667 0.20324074074074075 0.0359375 0.15185185185185185
0 0.7815104166666667 0.9023148148148148 0.06041666666666667 0.19537037037037036
0 0.6510416666666666 0.9138888888888889 0.04791666666666667 0.17222222222222222
0 0.7083333333333334 0.5453703703703704 0.036458333333333336 0.1925925925925926
0 0.21328125 0.3449074074074074 0.04114583333333333 0.17592592592592593
0 0.44869791666666664 0.3731481481481482 0.03333333333333333 0.17037037037037037
0 0.5497395833333333 0.8351851851851851 0.0578125 0.24259259259259258
0 0.3302083333333333 0.788425925925926 0.0453125 0.19907407407407407
0 0.48854166666666665 0.9148148148148149 0.057291666666666664 0.17037037037037037
0 0.5697916666666667 0.3375 0.03333333333333333 0.175
0 0.9309895833333334 0.549074074074074 0.04635416666666667 0.22407407407407406
0 0.41822916666666665 0.3384259259259259 0.03177083333333333 0.18888888888888888
0 0.4005208333333333 0.6620370370370371 0.029166666666666667 0.1962962962962963
0 0.58046875 0.9555555555555556 0.04583333333333333 0.08888888888888889
0 0.14921875 0.19537037037037036 0.03229166666666667 0.17407407407407408
0 0.48776041666666664 0.21435185185185185 0.024479166666666666 0.14074074074074075
0 0.23723958333333334 0.2175925925925926 0.030729166666666665 0.1648148148148148
0 0.178125 0.19444444444444445 0.029166666666666667 0.20277777777777778
0 0.9234375 0.3055555555555556 0.0328125 0.1675925925925926
0 0.8666666666666667 0.36527777777777776 0.0328125 0.16944444444444445
0 0.46067708333333335 0.2064814814814815 0.023958333333333335 0.14444444444444443
0 0.8934895833333333 0.3592592592592593 0.03333333333333333 0.1685185185185185
0 0.12526041666666668 0.18981481481481483 0.022395833333333334 0.14907407407407408