0 0.665625 0.9375 0.04583333333333333 0.125
0 0.453125 0.8888888888888888 0.05416666666666667 0.2222222222222222
0 0.5510416666666667 0.7856481481481481 0.050520833333333334 0.22870370370370371
0 0.5580729166666667 0.9268518518518518 0.04791666666666667 0.14629629629629629
0 0.05963541666666667 0.5208333333333334 0.0375 0.20185185185185187
0 0.5526041666666667 0.2518518518518518 0.035416666666666666 0.17962962962962964
0 0.7078125 0.5449074074074074 0.034375 0.18796296296296297
0 0.22369791666666666 0.37037037037037035 0.0421875 0.17592592592592593
0 0.33046875 0.7912037037037037 0.04479166666666667 0.19444444444444445
0 0.95625 0.5842592592592593 0.044270833333333336 0.19814814814814816
0 0.43723958333333335 0.38101851851851853 0.030729166666666665 0.1787037037037037
0 0.5971354166666667 0.31574074074074077 0.0359375 0.17222222222222222
0 0.9098958333333333 0.39490740740740743 0.0328125 0.16018518518518518
0 0.4940104166666667 0.23564814814814813 0.025520833333333333 0.1425925925925926
0 0.39947916666666666 0.663425925925926 0.028645833333333332 0.20092592592592592
0 0.8859375 0.2625 0.03125 0.12777777777777777
0 0.15494791666666666 0.18888888888888888 0.03333333333333333 0.1787037037037037
0 0.86484375 0.17407407407407408 0.029166666666666667 0.15925925925925927
0 0.4166666666666667 0.3337962962962963 0.030729166666666665 0.18703703703703703
0 0.46953125 0.22824074074074074 0.022916666666666665 0.14907407407407408
0 0.7348958333333333 0.6643518518518519 0.030729166666666665 0.2064814814814815
0 0.9403645833333333 0.3351851851851852 0.03125 0.16111111111111112
0 0.8783854166666667 0.39166666666666666 0.03802083333333333 0.17222222222222222
0 0.72890625 0.6685185185185185 0.04895833333333333 0.22314814814814815
0 0.21015625 0.21342592592592594 0.0296875 0.16018518518518518
0 0.18489583333333334 0.19583333333333333 0.03333333333333333 0.16666666666666666
0 0.4328125 0.21296296296296297 0.0234375 0.14351851851851852
0 0.5408854166666667 0.06481481481481481 0.027604166666666666 0.12777777777777777
0 0.11692708333333333 0.19212962962962962 0.040625 0.16574074074074074