0 0.6713541666666667 0.9416666666666667 0.04739583333333333 0.11666666666666667
0 0.45026041666666666 0.8833333333333333 0.0515625 0.23333333333333334
0 0.0609375 0.5171296296296296 0.04010416666666667 0.19907407407407407
0 0.7080729166666667 0.5444444444444444 0.034895833333333334 0.18703703703703703
0 0.22109375 0.37777777777777777 0.04114583333333333 0.175
0 0.5526041666666667 0.2523148148148148 0.03697916666666667 0.17777777777777778
0 0.5505208333333333 0.7763888888888889 0.046875 0.21851851851851853
0 0.4947916666666667 0.24027777777777778 0.024479166666666666 0.13703703703703704
0 0.33098958333333334 0.7916666666666666 0.043229166666666666 0.19444444444444445
0 0.3997395833333333 0.6689814814814815 0.03177083333333333 0.20462962962962963
0 0.9580729166666667 0.5930555555555556 0.04635416666666667 0.18425925925925926
0 0.43411458333333336 0.38287037037037036 0.035416666666666666 0.18425925925925926
0 0.6015625 0.31527777777777777 0.03177083333333333 0.16666666666666666
0 0.8838541666666667 0.3939814814814815 0.036458333333333336 0.1787037037037037
0 0.55234375 0.9212962962962963 0.05 0.1574074074074074
0 0.8651041666666667 0.1787037037037037 0.028125 0.1574074074074074
0 0.4708333333333333 0.2361111111111111 0.022395833333333334 0.14351851851851852
0 0.9138020833333333 0.4023148148148148 0.030208333333333334 0.15462962962962962
0 0.15625 0.18009259259259258 0.033854166666666664 0.1962962962962963
0 0.184375 0.19490740740740742 0.0296875 0.16203703703703703
0 0.4171875 0.3333333333333333 0.029166666666666667 0.1787037037037037
0 0.728125 0.6657407407407407 0.04895833333333333 0.21944444444444444
0 0.9466145833333334 0.3365740740740741 0.0328125 0.1675925925925926
0 0.8927083333333333 0.26481481481481484 0.027604166666666666 0.1287037037037037
0 0.20963541666666666 0.21944444444444444 0.028645833333333332 0.14722222222222223
0 0.540625 0.06712962962962964 0.028645833333333332 0.13333333333333333
0 0.43515625 0.21481481481481482 0.026041666666666668 0.14907407407407408
0 0.734375 0.6648148148148149 0.030729166666666665 0.20833333333333334