0 0.062239583333333334 0.6041666666666666 0.03802083333333333 0.20925925925925926
0 0.64140625 0.8981481481481481 0.05625 0.1962962962962963
0 0.559375 0.18425925925925926 0.035416666666666666 0.15925925925925927
0 0.7083333333333334 0.5449074074074074 0.035416666666666666 0.18796296296296297
0 0.44947916666666665 0.37083333333333335 0.03125 0.1675925925925926
0 0.5528645833333333 0.8629629629629629 0.0609375 0.2388888888888889
0 0.2046875 0.32685185185185184 0.034375 0.1675925925925926
0 0.8567708333333334 0.3476851851851852 0.0328125 0.17592592592592593
0 0.4088541666666667 0.6754629629629629 0.03854166666666667 0.20462962962962963
0 0.5549479166666667 0.3523148148148148 0.034895833333333334 0.1712962962962963
0 0.41822916666666665 0.3388888888888889 0.03177083333333333 0.1935185185185185
0 0.71015625 0.8092592592592592 0.059375 0.21203703703703702
0 0.5244791666666667 0.9212962962962963 0.049479166666666664 0.15648148148148147
0 0.9111979166666667 0.5013888888888889 0.04010416666666667 0.20277777777777778
0 0.3299479166666667 0.7888888888888889 0.043229166666666666 0.18518518518518517
0 0.9104166666666667 0.28703703703703703 0.030729166666666665 0.1638888888888889
0 0.4513020833333333 0.18981481481481483 0.024479166666666666 0.14444444444444443
0 0.8838541666666667 0.3449074074074074 0.028125 0.16666666666666666
0 0.42161458333333335 0.19722222222222222 0.03333333333333333 0.14166666666666666
0 0.7286458333333333 0.6689814814814815 0.051041666666666666 0.22962962962962963
0 0.9864583333333333 0.5111111111111111 0.0265625 0.12037037037037036
0 0.2794270833333333 0.20787037037037037 0.025520833333333333 0.14722222222222223
0 0.9377604166666667 0.4949074074074074 0.028645833333333332 0.17592592592592593
0 0.48125 0.19675925925925927 0.024479166666666666 0.13055555555555556
0 0.7346354166666667 0.6662037037037037 0.03229166666666667 0.21481481481481482
0 0.14635416666666667 0.17916666666666667 0.036458333333333336 0.19537037037037036