0 0.06015625 0.5740740740740741 0.0421875 0.2074074074074074
0 0.2125 0.34120370370370373 0.03958333333333333 0.17037037037037037
0 0.559375 0.20277777777777778 0.034895833333333334 0.15555555555555556
0 0.646875 0.9115740740740741 0.04635416666666667 0.17685185185185184
0 0.7078125 0.5449074074074074 0.034895833333333334 0.18796296296296297
0 0.76953125 0.888425925925926 0.059895833333333336 0.21481481481481482
0 0.5518229166666667 0.8398148148148148 0.05572916666666667 0.2388888888888889
0 0.33046875 0.788425925925926 0.04375 0.19814814814814816
0 0.44921875 0.37175925925925923 0.033854166666666664 0.1675925925925926
0 0.49296875 0.9171296296296296 0.059375 0.1638888888888889
0 0.41875 0.3388888888888889 0.03229166666666667 0.1925925925925926
0 0.4005208333333333 0.6699074074074074 0.03125 0.20462962962962963
0 0.14921875 0.19212962962962962 0.0328125 0.17777777777777778
0 0.9291666666666667 0.5310185185185186 0.04479166666666667 0.20925925925925926
0 0.17942708333333332 0.19398148148148148 0.030729166666666665 0.21666666666666667
0 0.5864583333333333 0.9625 0.04791666666666667 0.075
0 0.4859375 0.20833333333333334 0.024479166666666666 0.1388888888888889
0 0.12447916666666667 0.18888888888888888 0.025520833333333333 0.14814814814814814
0 0.8645833333333334 0.3597222222222222 0.034375 0.17222222222222222
0 0.5661458333333333 0.350462962962963 0.03333333333333333 0.1537037037037037
0 0.45755208333333336 0.20185185185185187 0.021875 0.14074074074074075
0 0.9208333333333333 0.3055555555555556 0.03229166666666667 0.1648148148148148
0 0.7513020833333334 0.12222222222222222 0.028125 0.12407407407407407
0 0.23645833333333333 0.21805555555555556 0.03333333333333333 0.16111111111111112