0 0.46770833333333334 0.899537037037037 0.04479166666666667 0.20092592592592592
0 0.6643229166666667 0.9277777777777778 0.0546875 0.14351851851851852
0 0.5666666666666667 0.9351851851851852 0.05677083333333333 0.12962962962962962
0 0.5484375 0.8055555555555556 0.05572916666666667 0.23055555555555557
0 0.55390625 0.23287037037037037 0.0359375 0.17685185185185184
0 0.06145833333333333 0.5347222222222222 0.036458333333333336 0.20185185185185187
0 0.7083333333333334 0.5439814814814815 0.034895833333333334 0.18981481481481483
0 0.22213541666666667 0.3587962962962963 0.03229166666666667 0.16944444444444445
0 0.82890625 0.950462962962963 0.0640625 0.09907407407407408
0 0.5893229166666667 0.3287037037037037 0.0328125 0.17314814814814813
0 0.33098958333333334 0.7907407407407407 0.04375 0.1962962962962963
0 0.4921875 0.2273148148148148 0.025 0.1398148148148148
0 0.39791666666666664 0.6611111111111111 0.03125 0.21574074074074073
0 0.9484375 0.5726851851851852 0.04114583333333333 0.21851851851851853
0 0.4171875 0.33796296296296297 0.030729166666666665 0.18796296296296297
0 0.4427083333333333 0.37453703703703706 0.03333333333333333 0.18518518518518517
0 0.8630208333333333 0.16342592592592592 0.027083333333333334 0.15185185185185185
0 0.18359375 0.19305555555555556 0.036458333333333336 0.1787037037037037
0 0.4328125 0.21481481481481482 0.025 0.1527777777777778
0 0.90546875 0.38564814814814813 0.03697916666666667 0.16203703703703703
0 0.4666666666666667 0.22268518518518518 0.020833333333333332 0.14907407407407408
0 0.9322916666666666 0.3212962962962963 0.03125 0.1675925925925926
0 0.14791666666666667 0.19212962962962962 0.034895833333333334 0.1712962962962963
0 0.87109375 0.37962962962962965 0.03333333333333333 0.1712962962962963
0 0.8752604166666667 0.24861111111111112 0.027083333333333334 0.12037037037037036
0 0.7348958333333333 0.6643518518518519 0.030208333333333334 0.2074074074074074
0 0.7296875 0.6685185185185185 0.04791666666666667 0.225