0 0.06276041666666667 0.549074074074074 0.0375 0.2064814814814815
0 0.5684895833333333 0.9430555555555555 0.06041666666666667 0.11296296296296296
0 0.5505208333333333 0.812037037037037 0.05572916666666667 0.22870370370370371
0 0.6640625 0.9254629629629629 0.058854166666666666 0.14907407407407408
0 0.5546875 0.22870370370370371 0.034895833333333334 0.16944444444444445
0 0.70859375 0.5467592592592593 0.034895833333333334 0.1925925925925926
0 0.47552083333333334 0.9046296296296297 0.044270833333333336 0.19074074074074074
0 0.22005208333333334 0.35462962962962963 0.030729166666666665 0.16111111111111112
0 0.81875 0.937962962962963 0.06302083333333333 0.12314814814814815
0 0.5854166666666667 0.3277777777777778 0.03125 0.1712962962962963
0 0.3307291666666667 0.7925925925925926 0.042708333333333334 0.19907407407407407
0 0.9486979166666667 0.5625 0.050520833333333334 0.23425925925925925
0 0.3971354166666667 0.6578703703703703 0.0328125 0.2074074074074074
0 0.14817708333333332 0.18981481481481483 0.035416666666666666 0.17685185185185184
0 0.4921875 0.22314814814814815 0.024479166666666666 0.14166666666666666
0 0.44583333333333336 0.3768518518518518 0.0359375 0.18055555555555555
0 0.871875 0.25046296296296294 0.0296875 0.13240740740740742
0 0.41770833333333335 0.3384259259259259 0.03125 0.18703703703703703
0 0.46458333333333335 0.21296296296296297 0.024479166666666666 0.14629629629629629
0 0.18151041666666667 0.19490740740740742 0.033854166666666664 0.18703703703703703
0 0.8713541666666667 0.37453703703703706 0.036458333333333336 0.17314814814814813
0 0.8630208333333333 0.15787037037037038 0.028645833333333332 0.15462962962962962
0 0.9294270833333333 0.32083333333333336 0.03229166666666667 0.1675925925925926
0 0.7354166666666667 0.6652777777777777 0.030729166666666665 0.20925925925925926
0 0.7315104166666667 0.6689814814814815 0.0484375 0.22037037037037038
0 0.4317708333333333 0.2074074074074074 0.021354166666666667 0.14074074074074075
0 0.9026041666666667 0.38101851851851853 0.028125 0.1537037037037037
0 0.12239583333333333 0.19027777777777777 0.03125 0.17037037037037037
0 0.753125 0.06527777777777778 0.030208333333333334 0.12777777777777777