0 0.061197916666666664 0.5634259259259259 0.04114583333333333 0.20185185185185187
0 0.559375 0.2064814814814815 0.0359375 0.1574074074074074
0 0.784375 0.9046296296296297 0.058333333333333334 0.19074074074074074
0 0.65234375 0.9148148148148149 0.0484375 0.17037037037037037
0 0.2140625 0.3458333333333333 0.03958333333333333 0.17407407407407408
0 0.70859375 0.5449074074074074 0.0359375 0.1925925925925926
0 0.4484375 0.37453703703703706 0.03333333333333333 0.17037037037037037
0 0.48776041666666664 0.913425925925926 0.05677083333333333 0.17314814814814813
0 0.3302083333333333 0.7907407407407407 0.0453125 0.20092592592592592
0 0.55 0.8310185185185185 0.058333333333333334 0.2361111111111111
0 0.41901041666666666 0.3388888888888889 0.0328125 0.18981481481481483
0 0.4 0.6638888888888889 0.030208333333333334 0.20092592592592592
0 0.9325520833333333 0.5518518518518518 0.04895833333333333 0.22314814814814815
0 0.5794270833333334 0.9555555555555556 0.046875 0.08888888888888889
0 0.5703125 0.3388888888888889 0.0359375 0.17685185185185184
0 0.14869791666666668 0.19444444444444445 0.03333333333333333 0.17685185185185184
0 0.17838541666666666 0.1912037037037037 0.0296875 0.2037037037037037
0 0.48802083333333335 0.21481481481481482 0.024479166666666666 0.1398148148148148
0 0.92421875 0.3074074074074074 0.03333333333333333 0.16666666666666666
0 0.23671875 0.2175925925925926 0.0296875 0.16018518518518518
0 0.46067708333333335 0.20833333333333334 0.024479166666666666 0.14351851851851852
0 0.8953125 0.35324074074074074 0.033854166666666664 0.18703703703703703
0 0.12447916666666667 0.18935185185185185 0.021875 0.15
0 0.8625 0.2375 0.028125 0.1398148148148148
0 0.4276041666666667 0.1986111111111111 0.027083333333333334 0.13055555555555556