0 0.47890625 0.9046296296296297 0.043229166666666666 0.19074074074074074
0 0.0625 0.5481481481481482 0.0375 0.20277777777777778
0 0.66328125 0.9236111111111112 0.058333333333333334 0.1527777777777778
0 0.5505208333333333 0.8125 0.0546875 0.22592592592592592
0 0.5692708333333333 0.9453703703703704 0.0609375 0.10833333333333334
0 0.70859375 0.5458333333333333 0.0359375 0.19166666666666668
0 0.5557291666666667 0.2273148148148148 0.03333333333333333 0.16666666666666666
0 0.5833333333333334 0.32916666666666666 0.03229166666666667 0.17314814814814813
0 0.21953125 0.3527777777777778 0.03229166666666667 0.16666666666666666
0 0.3302083333333333 0.7916666666666666 0.04375 0.19444444444444445
0 0.81015625 0.9328703703703703 0.06770833333333333 0.13333333333333333
0 0.44479166666666664 0.37777777777777777 0.035416666666666666 0.1787037037037037
0 0.41822916666666665 0.33796296296296297 0.03177083333333333 0.18796296296296297
0 0.39791666666666664 0.6587962962962963 0.03177083333333333 0.2074074074074074
0 0.9471354166666667 0.5583333333333333 0.04479166666666667 0.2212962962962963
0 0.8700520833333333 0.37407407407407406 0.033854166666666664 0.17685185185185184
0 0.9286458333333333 0.3189814814814815 0.03177083333333333 0.1638888888888889
0 0.46432291666666664 0.21203703703703702 0.025 0.14629629629629629
0 0.49140625 0.2212962962962963 0.025520833333333333 0.1388888888888889
0 0.14817708333333332 0.19166666666666668 0.034895833333333334 0.17037037037037037
0 0.18072916666666666 0.19768518518518519 0.034375 0.1824074074074074
0 0.87109375 0.2449074074074074 0.027083333333333334 0.1361111111111111
0 0.8994791666666667 0.3731481481481482 0.026041666666666668 0.1648148148148148
0 0.7294270833333333 0.6648148148148149 0.04635416666666667 0.21851851851851853
0 0.734375 0.662962962962963 0.030208333333333334 0.2074074074074074
0 0.4315104166666667 0.20277777777777778 0.021354166666666667 0.13333333333333333