0 0.06145833333333333 0.5893518518518519 0.03802083333333333 0.19907407407407407
0 0.6390625 0.9018518518518519 0.049479166666666664 0.1962962962962963
0 0.7296875 0.8310185185185185 0.05520833333333333 0.20462962962962963
0 0.5578125 0.1875 0.03333333333333333 0.16018518518518518
0 0.7083333333333334 0.5453703703703704 0.034895833333333334 0.18703703703703703
0 0.5526041666666667 0.8467592592592592 0.057291666666666664 0.23055555555555557
0 0.9174479166666667 0.5152777777777777 0.046875 0.21203703703703702
0 0.45 0.3712962962962963 0.03125 0.1685185185185185
0 0.5130208333333334 0.9222222222222223 0.036458333333333336 0.15555555555555556
0 0.5596354166666667 0.3560185185185185 0.03125 0.16203703703703703
0 0.9119791666666667 0.28888888888888886 0.03125 0.15833333333333333
0 0.40963541666666664 0.6736111111111112 0.043229166666666666 0.2064814814814815
0 0.41822916666666665 0.33935185185185185 0.03125 0.19166666666666668
0 0.20989583333333334 0.33055555555555555 0.035416666666666666 0.16666666666666666
0 0.8583333333333333 0.3476851851851852 0.033854166666666664 0.175
0 0.3307291666666667 0.7870370370370371 0.04114583333333333 0.19074074074074074
0 0.42161458333333335 0.19907407407407407 0.03333333333333333 0.14629629629629629
0 0.48333333333333334 0.20185185185185187 0.022916666666666665 0.1361111111111111
0 0.8848958333333333 0.3453703703703704 0.028125 0.1638888888888889
0 0.7286458333333333 0.6689814814814815 0.050520833333333334 0.2222222222222222
0 0.45364583333333336 0.1884259259259259 0.020833333333333332 0.13240740740740742
0 0.14739583333333334 0.18287037037037038 0.03333333333333333 0.19166666666666668
0 0.7354166666666667 0.662962962962963 0.0296875 0.1962962962962963
0 0.9421875 0.30324074074074076 0.027083333333333334 0.16018518518518518
0 0.94375 0.5018518518518519 0.0296875 0.19722222222222222