0 0.061197916666666664 0.6032407407407407 0.04010416666666667 0.19907407407407407
0 0.6442708333333333 0.8939814814814815 0.05625 0.2037037037037037
0 0.5583333333333333 0.17314814814814813 0.034895833333333334 0.17222222222222222
0 0.70859375 0.5449074074074074 0.034895833333333334 0.18703703703703703
0 0.5518229166666667 0.8722222222222222 0.06041666666666667 0.24259259259259258
0 0.41067708333333336 0.6787037037037037 0.034375 0.20555555555555555
0 0.44947916666666665 0.37037037037037035 0.03125 0.16944444444444445
0 0.6955729166666667 0.7787037037037037 0.05625 0.1935185185185185
0 0.41822916666666665 0.33796296296296297 0.03177083333333333 0.19444444444444445
0 0.9020833333333333 0.500462962962963 0.04739583333333333 0.2037037037037037
0 0.5497395833333333 0.36342592592592593 0.033854166666666664 0.17314814814814813
0 0.8552083333333333 0.3416666666666667 0.03333333333333333 0.17407407407407408
0 0.5268229166666667 0.9226851851851852 0.042708333333333334 0.1537037037037037
0 0.20182291666666666 0.31712962962962965 0.034375 0.15833333333333333
0 0.7278645833333334 0.6657407407407407 0.04895833333333333 0.21666666666666667
0 0.9088541666666666 0.2814814814814815 0.030729166666666665 0.15925925925925927
0 0.3294270833333333 0.7953703703703704 0.04635416666666667 0.1824074074074074
0 0.9838541666666667 0.512962962962963 0.03177083333333333 0.13518518518518519
0 0.478125 0.19444444444444445 0.027604166666666666 0.14074074074074075
0 0.7338541666666667 0.6638888888888889 0.0328125 0.20833333333333334
0 0.28177083333333336 0.21064814814814814 0.026041666666666668 0.14722222222222223
0 0.7044270833333334 0.9717592592592592 0.035416666666666666 0.05648148148148148
0 0.8817708333333333 0.3416666666666667 0.0296875 0.15648148148148147