0 0.06015625 0.575925925925926 0.042708333333333334 0.20462962962962963
0 0.55859375 0.19907407407407407 0.033854166666666664 0.1648148148148148
0 0.6434895833333333 0.9106481481481481 0.04583333333333333 0.1787037037037037
0 0.21171875 0.3398148148148148 0.03333333333333333 0.17592592592592593
0 0.7080729166666667 0.5444444444444444 0.034895833333333334 0.18796296296296297
0 0.4984375 0.9189814814814815 0.05572916666666667 0.16111111111111112
0 0.3294270833333333 0.7870370370370371 0.0453125 0.19814814814814816
0 0.5515625 0.8407407407407408 0.05520833333333333 0.2361111111111111
0 0.7591145833333334 0.8791666666666667 0.058854166666666666 0.23055555555555557
0 0.45 0.37222222222222223 0.03333333333333333 0.16666666666666666
0 0.41875 0.3384259259259259 0.03229166666666667 0.19444444444444445
0 0.4015625 0.6736111111111112 0.03229166666666667 0.20925925925925926
0 0.9268229166666667 0.5287037037037037 0.044270833333333336 0.2074074074074074
0 0.5916666666666667 0.9662037037037037 0.043229166666666666 0.06759259259259259
0 0.14895833333333333 0.19212962962962962 0.03177083333333333 0.17777777777777778
0 0.9169270833333333 0.30092592592592593 0.0296875 0.15925925925925927
0 0.8630208333333333 0.3587962962962963 0.03229166666666667 0.17592592592592593
0 0.484375 0.20879629629629629 0.022916666666666665 0.13796296296296295
0 0.45625 0.2013888888888889 0.021354166666666667 0.1388888888888889
0 0.4234375 0.19722222222222222 0.03125 0.13055555555555556
0 0.12291666666666666 0.1875 0.029166666666666667 0.15648148148148147
0 0.5661458333333333 0.35648148148148145 0.03177083333333333 0.1537037037037037
0 0.7354166666666667 0.6680555555555555 0.030208333333333334 0.21296296296296297
0 0.73046875 0.6726851851851852 0.04791666666666667 0.22962962962962963