0 0.06171875 0.5537037037037037 0.03958333333333333 0.19722222222222222
0 0.65546875 0.9157407407407407 0.052083333333333336 0.1685185185185185
0 0.55859375 0.2111111111111111 0.03697916666666667 0.16574074074074074
0 0.7083333333333334 0.5458333333333333 0.035416666666666666 0.1935185185185185
0 0.21458333333333332 0.34814814814814815 0.0375 0.17037037037037037
0 0.48671875 0.9115740740740741 0.049479166666666664 0.17685185185185184
0 0.44817708333333334 0.3773148148148148 0.03333333333333333 0.17685185185185184
0 0.33098958333333334 0.7912037037037037 0.043229166666666666 0.20092592592592592
0 0.7890625 0.9101851851851852 0.059375 0.17962962962962964
0 0.54921875 0.8208333333333333 0.06041666666666667 0.2222222222222222
0 0.5739583333333333 0.3375 0.03697916666666667 0.17685185185185184
0 0.39921875 0.6620370370370371 0.030729166666666665 0.20277777777777778
0 0.5768229166666666 0.9513888888888888 0.0515625 0.0962962962962963
0 0.41848958333333336 0.33935185185185185 0.03177083333333333 0.19074074074074074
0 0.93515625 0.5518518518518518 0.05 0.21944444444444444
0 0.14869791666666668 0.19537037037037036 0.03333333333333333 0.1675925925925926
0 0.48880208333333336 0.21666666666666667 0.024479166666666666 0.13796296296296295
0 0.17890625 0.19074074074074074 0.028645833333333332 0.19814814814814816
0 0.4625 0.20833333333333334 0.024479166666666666 0.14444444444444443
0 0.925 0.30972222222222223 0.0328125 0.16944444444444445
0 0.12447916666666667 0.19166666666666668 0.022395833333333334 0.15185185185185185
0 0.86875 0.36944444444444446 0.034375 0.17777777777777778
0 0.23697916666666666 0.2125 0.03177083333333333 0.17222222222222222