0 0.05130208333333333 0.6638888888888889 0.040625 0.22407407407407406
0 0.53359375 0.38425925925925924 0.033854166666666664 0.17962962962962964
0 0.5447916666666667 0.14583333333333334 0.03177083333333333 0.1685185185185185
0 0.7096354166666666 0.5444444444444444 0.03697916666666667 0.1935185185185185
0 0.6283854166666667 0.8601851851851852 0.0484375 0.21944444444444444
0 0.18723958333333332 0.2986111111111111 0.030208333333333334 0.16203703703703703
0 0.44921875 0.3662037037037037 0.030729166666666665 0.1787037037037037
0 0.5557291666666667 0.8958333333333334 0.059895833333333336 0.20833333333333334
0 0.33229166666666665 0.8037037037037037 0.03854166666666667 0.18888888888888888
0 0.40651041666666665 0.700462962962963 0.03854166666666667 0.2074074074074074
0 0.41770833333333335 0.9638888888888889 0.041666666666666664 0.07222222222222222
0 0.6958333333333333 0.9513888888888888 0.0515625 0.09722222222222222
0 0.41822916666666665 0.3384259259259259 0.03229166666666667 0.19444444444444445
0 0.15078125 0.26157407407407407 0.028645833333333332 0.1685185185185185
0 0.22786458333333334 0.27314814814814814 0.028645833333333332 0.1712962962962963
0 0.61328125 0.6560185185185186 0.050520833333333334 0.18055555555555555
0 0.8697916666666666 0.44814814814814813 0.04010416666666667 0.1962962962962963
0 0.24010416666666667 0.2518518518518518 0.03177083333333333 0.18796296296296297
0 0.9604166666666667 0.48518518518518516 0.0359375 0.1675925925925926
0 0.2872395833333333 0.2337962962962963 0.026041666666666668 0.13240740740740742
0 0.6416666666666667 0.9662037037037037 0.042708333333333334 0.06759259259259259
0 0.36796875 0.34953703703703703 0.028645833333333332 0.11944444444444445
0 0.7921875 0.09305555555555556 0.027083333333333334 0.11851851851851852
0 0.4744791666666667 0.17453703703703705 0.022916666666666665 0.13240740740740742
0 0.9533854166666667 0.26990740740740743 0.03177083333333333 0.14907407407407408
0 0.84140625 0.31342592592592594 0.03229166666666667 0.17592592592592593
0 0.75234375 0.08287037037037037 0.024479166666666666 0.1259259259259259