0 0.06041666666666667 0.575462962962963 0.042708333333333334 0.20555555555555555
0 0.5580729166666667 0.20185185185185187 0.034375 0.15925925925925927
0 0.21171875 0.3402777777777778 0.035416666666666666 0.17407407407407408
0 0.6450520833333333 0.9106481481481481 0.04583333333333333 0.1787037037037037
0 0.7078125 0.5444444444444444 0.034895833333333334 0.18796296296296297
0 0.3302083333333333 0.7875 0.044270833333333336 0.19814814814814816
0 0.4973958333333333 0.9189814814814815 0.058854166666666666 0.16111111111111112
0 0.5515625 0.8402777777777778 0.0546875 0.23703703703703705
0 0.44973958333333336 0.37175925925925923 0.033854166666666664 0.16666666666666666
0 0.4192708333333333 0.3388888888888889 0.03177083333333333 0.1925925925925926
0 0.7606770833333333 0.8824074074074074 0.059895833333333336 0.225
0 0.928125 0.5310185185185186 0.043229166666666666 0.21203703703703702
0 0.4010416666666667 0.6731481481481482 0.03177083333333333 0.20833333333333334
0 0.14921875 0.19212962962962962 0.03229166666666667 0.17777777777777778
0 0.48489583333333336 0.20972222222222223 0.023958333333333335 0.13796296296296295
0 0.58984375 0.9657407407407408 0.04375 0.06851851851851852
0 0.9184895833333333 0.3037037037037037 0.030729166666666665 0.15462962962962962
0 0.17786458333333333 0.21435185185185185 0.0328125 0.17777777777777778
0 0.12265625 0.1865740740740741 0.0296875 0.15555555555555556
0 0.8627604166666667 0.3592592592592593 0.03125 0.17314814814814813
0 0.45703125 0.20046296296296295 0.020833333333333332 0.1388888888888889
0 0.4234375 0.19583333333333333 0.030208333333333334 0.12685185185185185