0 0.06041666666666667 0.5768518518518518 0.0421875 0.20555555555555555
0 0.6427083333333333 0.9097222222222222 0.04479166666666667 0.18055555555555555
0 0.21223958333333334 0.3365740740740741 0.03333333333333333 0.17222222222222222
0 0.5583333333333333 0.19768518518518519 0.034375 0.1685185185185185
0 0.7083333333333334 0.5444444444444444 0.035416666666666666 0.18703703703703703
0 0.3299479166666667 0.7870370370370371 0.044270833333333336 0.19814814814814816
0 0.5010416666666667 0.9194444444444444 0.05416666666666667 0.16018518518518518
0 0.45026041666666666 0.37175925925925923 0.0328125 0.1675925925925926
0 0.7565104166666666 0.8805555555555555 0.06041666666666667 0.2351851851851852
0 0.9260416666666667 0.5287037037037037 0.04114583333333333 0.20277777777777778
0 0.553125 0.8407407407407408 0.05520833333333333 0.23703703703703705
0 0.40182291666666664 0.6736111111111112 0.03229166666666667 0.20925925925925926
0 0.56484375 0.3560185185185185 0.03229166666666667 0.15648148148148147
0 0.41848958333333336 0.3388888888888889 0.03177083333333333 0.1935185185185185
0 0.5919270833333333 0.9671296296296297 0.04114583333333333 0.06574074074074074
0 0.14921875 0.1925925925925926 0.03125 0.17592592592592593
0 0.9166666666666666 0.2986111111111111 0.0296875 0.15462962962962962
0 0.48411458333333335 0.20879629629629629 0.022916666666666665 0.13796296296296295
0 0.8611979166666667 0.3578703703703704 0.03177083333333333 0.17592592592592593
0 0.45546875 0.20092592592592592 0.021354166666666667 0.1388888888888889
0 0.12291666666666666 0.18703703703703703 0.03229166666666667 0.15833333333333333
0 0.1765625 0.2162037037037037 0.03333333333333333 0.17314814814814813
0 0.7302083333333333 0.6731481481481482 0.05 0.23148148148148148
0 0.42239583333333336 0.19722222222222222 0.03177083333333333 0.13240740740740742
0 0.7359375 0.6680555555555555 0.03177083333333333 0.21481481481481482