0 0.05963541666666667 0.6078703703703704 0.04375 0.20277777777777778
0 0.6447916666666667 0.8930555555555556 0.05625 0.2111111111111111
0 0.5578125 0.1712962962962963 0.033854166666666664 0.17222222222222222
0 0.7083333333333334 0.5444444444444444 0.033854166666666664 0.18796296296296297
0 0.4122395833333333 0.6796296296296296 0.034375 0.20462962962962963
0 0.5484375 0.36203703703703705 0.034375 0.17777777777777778
0 0.5528645833333333 0.8740740740740741 0.05625 0.24074074074074073
0 0.44921875 0.36944444444444446 0.03177083333333333 0.1712962962962963
0 0.8997395833333334 0.49675925925925923 0.04635416666666667 0.20555555555555555
0 0.41796875 0.33796296296296297 0.03125 0.19444444444444445
0 0.8536458333333333 0.33796296296296297 0.0328125 0.17314814814814813
0 0.20182291666666666 0.3199074074074074 0.040625 0.16574074074074074
0 0.52890625 0.9222222222222223 0.040625 0.15555555555555556
0 0.32916666666666666 0.7958333333333333 0.04739583333333333 0.1814814814814815
0 0.9075520833333334 0.2791666666666667 0.028645833333333332 0.16111111111111112
0 0.9833333333333333 0.5060185185185185 0.0328125 0.13518518518518519
0 0.6908854166666667 0.7708333333333334 0.053125 0.20092592592592592
0 0.47760416666666666 0.19444444444444445 0.027083333333333334 0.14074074074074075
0 0.70234375 0.9703703703703703 0.0390625 0.05925925925925926
0 0.28359375 0.2125 0.028125 0.14537037037037037
0 0.425 0.19537037037037036 0.0328125 0.13518518518518519
0 0.7307291666666667 0.6703703703703704 0.04635416666666667 0.22685185185185186
0 0.8778645833333333 0.3402777777777778 0.026041666666666668 0.1527777777777778
0 0.73515625 0.6671296296296296 0.0296875 0.21388888888888888
0 0.18307291666666667 0.16296296296296298 0.024479166666666666 0.14722222222222223
0 0.6903645833333333 0.7337962962962963 0.051041666666666666 0.12222222222222222
0 0.4513020833333333 0.1865740740740741 0.0234375 0.1425925925925926