0 0.05286458333333333 0.6564814814814814 0.041666666666666664 0.21203703703703702
0 0.5473958333333333 0.1527777777777778 0.0328125 0.1675925925925926
0 0.6283854166666667 0.8611111111111112 0.0453125 0.22685185185185186
0 0.7091145833333333 0.5453703703703704 0.0359375 0.1935185185185185
0 0.53671875 0.37916666666666665 0.034375 0.1787037037037037
0 0.1890625 0.3050925925925926 0.0328125 0.1648148148148148
0 0.40963541666666664 0.6939814814814815 0.03802083333333333 0.20277777777777778
0 0.55390625 0.8925925925925926 0.06041666666666667 0.21481481481481482
0 0.33229166666666665 0.8032407407407407 0.0390625 0.18981481481481483
0 0.44947916666666665 0.3662037037037037 0.03125 0.17962962962962964
0 0.4127604166666667 0.9671296296296297 0.042708333333333334 0.06574074074074074
0 0.8755208333333333 0.45231481481481484 0.044270833333333336 0.19722222222222222
0 0.41744791666666664 0.3388888888888889 0.03229166666666667 0.19444444444444445
0 0.9653645833333333 0.4861111111111111 0.0328125 0.1675925925925926
0 0.15338541666666666 0.2574074074074074 0.028645833333333332 0.1685185185185185
0 0.2872395833333333 0.23148148148148148 0.024479166666666666 0.13518518518518519
0 0.22682291666666668 0.2763888888888889 0.027604166666666666 0.14722222222222223
0 0.6234375 0.6787037037037037 0.0484375 0.1935185185185185
0 0.6973958333333333 0.9532407407407407 0.04895833333333333 0.09351851851851851
0 0.6434895833333333 0.9685185185185186 0.03958333333333333 0.06296296296296296
0 0.8434895833333333 0.3162037037037037 0.03177083333333333 0.17314814814814813
0 0.24114583333333334 0.24259259259259258 0.030208333333333334 0.17314814814814813
0 0.9013020833333333 0.26064814814814813 0.026041666666666668 0.16018518518518518
0 0.909375 0.43657407407407406 0.03177083333333333 0.1962962962962963
0 0.7932291666666667 0.09444444444444444 0.028125 0.11944444444444445
0 0.47421875 0.17546296296296296 0.0234375 0.13240740740740742
0 0.7736979166666667 0.9671296296296297 0.04479166666666667 0.06388888888888888
0 0.36822916666666666 0.34953703703703703 0.028645833333333332 0.11944444444444445