0 0.06041666666666667 0.5680555555555555 0.041666666666666664 0.2074074074074074
0 0.7786458333333334 0.9004629629629629 0.058854166666666666 0.19907407407407407
0 0.559375 0.2013888888888889 0.035416666666666666 0.14907407407407408
0 0.6505208333333333 0.9138888888888889 0.04739583333333333 0.17222222222222222
0 0.7083333333333334 0.5458333333333333 0.036458333333333336 0.1925925925925926
0 0.21302083333333333 0.3435185185185185 0.041666666666666664 0.17314814814814813
0 0.55 0.836574074074074 0.05677083333333333 0.24259259259259258
0 0.44869791666666664 0.3726851851851852 0.0328125 0.1685185185185185
0 0.4895833333333333 0.9157407407407407 0.0578125 0.1685185185185185
0 0.3302083333333333 0.7898148148148149 0.0453125 0.2
0 0.93046875 0.5435185185185185 0.0453125 0.22407407407407406
0 0.41875 0.3388888888888889 0.03177083333333333 0.19166666666666668
0 0.40078125 0.662962962962963 0.028645833333333332 0.19722222222222222
0 0.4869791666666667 0.21296296296296297 0.024479166666666666 0.1398148148148148
0 0.14895833333333333 0.19444444444444445 0.0328125 0.17685185185185184
0 0.5815104166666667 0.9583333333333334 0.04635416666666667 0.08333333333333333
0 0.5703125 0.33935185185185185 0.03333333333333333 0.1685185185185185
0 0.23671875 0.2175925925925926 0.030729166666666665 0.1638888888888889
0 0.86640625 0.36342592592592593 0.0328125 0.1685185185185185
0 0.12421875 0.18981481481481483 0.0234375 0.14907407407407408
0 0.17838541666666666 0.19305555555555556 0.029166666666666667 0.20555555555555555
0 0.92265625 0.30462962962962964 0.033854166666666664 0.16574074074074074
0 0.459375 0.20601851851851852 0.022916666666666665 0.14444444444444443
0 0.42552083333333335 0.19907407407407407 0.028645833333333332 0.13055555555555556