0 0.06171875 0.5486111111111112 0.0375 0.19907407407407407
0 0.21484375 0.34953703703703703 0.0359375 0.1685185185185185
0 0.5583333333333333 0.21481481481481482 0.03697916666666667 0.17037037037037037
0 0.6583333333333333 0.9175925925925926 0.05364583333333333 0.1648148148148148
0 0.7083333333333334 0.5453703703703704 0.0359375 0.19166666666666668
0 0.4861979166666667 0.9078703703703703 0.044270833333333336 0.18055555555555555
0 0.7958333333333333 0.9148148148148149 0.058854166666666666 0.17037037037037037
0 0.575 0.95 0.05520833333333333 0.09907407407407408
0 0.446875 0.37824074074074077 0.035416666666666666 0.17592592592592593
0 0.3307291666666667 0.7925925925925926 0.043229166666666666 0.19814814814814816
0 0.5502604166666667 0.8157407407407408 0.05520833333333333 0.21666666666666667
0 0.41770833333333335 0.33796296296296297 0.03125 0.18888888888888888
0 0.9354166666666667 0.5564814814814815 0.051041666666666666 0.2212962962962963
0 0.39791666666666664 0.6597222222222222 0.03333333333333333 0.2064814814814815
0 0.5736979166666667 0.3351851851851852 0.0359375 0.175
0 0.8690104166666667 0.3726851851851852 0.035416666666666666 0.1787037037037037
0 0.46380208333333334 0.21064814814814814 0.026041666666666668 0.1388888888888889
0 0.4890625 0.2162037037037037 0.024479166666666666 0.14074074074074075
0 0.9265625 0.3138888888888889 0.034375 0.16666666666666666
0 0.17994791666666668 0.1935185185185185 0.03125 0.19166666666666668
0 0.14765625 0.19074074074074074 0.0359375 0.16944444444444445
0 0.43072916666666666 0.20277777777777778 0.024479166666666666 0.1361111111111111