0 0.10078125 0.6866197183098591 0.2 0.6103286384976526
0 0.8875 0.653755868544601 0.225 0.6737089201877934
0 0.78125 0.43896713615023475 0.1453125 0.3779342723004695
0 0.77109375 0.6255868544600939 0.121875 0.38967136150234744
0 0.6546875 0.3075117370892019 0.1265625 0.31220657276995306
0 0.66171875 0.45539906103286387 0.1 0.27230046948356806
0 0.51328125 0.23591549295774647 0.0921875 0.16666666666666666
0 0.33125 0.4295774647887324 0.078125 0.2300469483568075
0 0.20859375 0.6596244131455399 0.178125 0.6009389671361502
0 0.39609375 0.39906103286384975 0.0875 0.19718309859154928
0 0.290625 0.4507042253521127 0.1453125 0.42018779342723006
0 0.38125 0.29225352112676056 0.0765625 0.215962441314554
0 0.40625 0.17488262910798122 0.0859375 0.19248826291079812
0 0.2734375 0.40023474178403756 0.109375 0.3215962441314554
0 0.6203125 0.13028169014084506 0.059375 0.15023474178403756
0 0.6015625 0.2887323943661972 0.0671875 0.2136150234741784
0 0.43984375 0.24530516431924881 0.04375 0.06807511737089202
0 0.4 0.15375586854460094 0.06875 0.15023474178403756