0 0.06197916666666667 0.549074074074074 0.03802083333333333 0.20092592592592592
0 0.4828125 0.9064814814814814 0.04375 0.18703703703703703
0 0.7083333333333334 0.5453703703703704 0.035416666666666666 0.19074074074074074
0 0.5580729166666667 0.21851851851851853 0.035416666666666666 0.17407407407407408
0 0.66015625 0.9203703703703704 0.0546875 0.15925925925925927
0 0.21614583333333334 0.34953703703703703 0.0328125 0.1675925925925926
0 0.5729166666666666 0.9490740740740741 0.058333333333333334 0.10092592592592593
0 0.55 0.812962962962963 0.05364583333333333 0.2212962962962963
0 0.5755208333333334 0.33287037037037037 0.03697916666666667 0.17685185185185184
0 0.3307291666666667 0.7912037037037037 0.04375 0.19814814814814816
0 0.8028645833333333 0.9208333333333333 0.0578125 0.15833333333333333
0 0.41822916666666665 0.3388888888888889 0.03177083333333333 0.18981481481481483
0 0.39765625 0.6615740740740741 0.033854166666666664 0.2111111111111111
0 0.8700520833333333 0.3768518518518518 0.0359375 0.1787037037037037
0 0.44609375 0.37222222222222223 0.035416666666666666 0.18796296296296297
0 0.93828125 0.5564814814814815 0.0515625 0.2175925925925926
0 0.4903645833333333 0.2175925925925926 0.025520833333333333 0.14074074074074075
0 0.14817708333333332 0.18935185185185185 0.035416666666666666 0.17314814814814813
0 0.17994791666666668 0.19490740740740742 0.030729166666666665 0.18796296296296297
0 0.46432291666666664 0.2101851851851852 0.025520833333333333 0.14074074074074075
0 0.8994791666666667 0.37222222222222223 0.0328125 0.16666666666666666
0 0.4315104166666667 0.20324074074074075 0.023958333333333335 0.13518518518518519
0 0.73515625 0.6625 0.028645833333333332 0.2074074074074074
0 0.73046875 0.6638888888888889 0.044270833333333336 0.21481481481481482
0 0.23723958333333334 0.21712962962962962 0.028645833333333332 0.15092592592592594