0 0.5684895833333333 0.9402777777777778 0.059895833333333336 0.11851851851851852
0 0.062239583333333334 0.5416666666666666 0.03802083333333333 0.20185185185185187
0 0.5494791666666666 0.8106481481481481 0.05572916666666667 0.22870370370370371
0 0.6645833333333333 0.9254629629629629 0.0578125 0.14907407407407408
0 0.5859375 0.3282407407407407 0.03125 0.1712962962962963
0 0.47213541666666664 0.9032407407407408 0.04635416666666667 0.1935185185185185
0 0.7083333333333334 0.5462962962962963 0.034895833333333334 0.1925925925925926
0 0.5541666666666667 0.22870370370370371 0.034895833333333334 0.16944444444444445
0 0.8213541666666667 0.9416666666666667 0.06458333333333334 0.11666666666666667
0 0.22135416666666666 0.35648148148148145 0.03177083333333333 0.1638888888888889
0 0.3302083333333333 0.7921296296296296 0.04375 0.19814814814814816
0 0.4440104166666667 0.37546296296296294 0.033854166666666664 0.18055555555555555
0 0.9505208333333334 0.5611111111111111 0.051041666666666666 0.23333333333333334
0 0.39739583333333334 0.6583333333333333 0.03229166666666667 0.20925925925925926
0 0.4921875 0.225 0.023958333333333335 0.14166666666666666
0 0.41744791666666664 0.3388888888888889 0.0296875 0.18425925925925926
0 0.8705729166666667 0.3768518518518518 0.036458333333333336 0.17314814814814813
0 0.8729166666666667 0.25046296296296294 0.029166666666666667 0.13055555555555556
0 0.14765625 0.19027777777777777 0.036458333333333336 0.17407407407407408
0 0.465625 0.2152777777777778 0.022395833333333334 0.14907407407407408
0 0.18229166666666666 0.20277777777777778 0.03333333333333333 0.17222222222222222
0 0.8630208333333333 0.1587962962962963 0.028125 0.15185185185185185
0 0.73515625 0.6648148148148149 0.030729166666666665 0.20833333333333334
0 0.9299479166666667 0.3226851851851852 0.0328125 0.1685185185185185
0 0.7315104166666667 0.6685185185185185 0.04791666666666667 0.21944444444444444
0 0.4315104166666667 0.20925925925925926 0.022395833333333334 0.1425925925925926
0 0.3684895833333333 0.350462962962963 0.028125 0.1175925925925926