0 0.0609375 0.5861111111111111 0.03697916666666667 0.19814814814814816
0 0.5583333333333333 0.19166666666666668 0.034375 0.1685185185185185
0 0.6390625 0.9041666666666667 0.046875 0.19166666666666668
0 0.7083333333333334 0.5453703703703704 0.034895833333333334 0.18796296296296297
0 0.5528645833333333 0.8444444444444444 0.058333333333333334 0.23055555555555557
0 0.5114583333333333 0.9212962962962963 0.03958333333333333 0.1574074074074074
0 0.9184895833333333 0.5212962962962963 0.04583333333333333 0.2101851851851852
0 0.45026041666666666 0.3712962962962963 0.03125 0.1675925925925926
0 0.20963541666666666 0.33194444444444443 0.03125 0.1648148148148148
0 0.5609375 0.3537037037037037 0.03229166666666667 0.1685185185185185
0 0.7356770833333334 0.8388888888888889 0.058333333333333334 0.20277777777777778
0 0.9127604166666666 0.29074074074074074 0.0296875 0.16018518518518518
0 0.4075520833333333 0.674537037037037 0.04114583333333333 0.2074074074074074
0 0.41875 0.3384259259259259 0.03177083333333333 0.1935185185185185
0 0.33125 0.7861111111111111 0.041666666666666664 0.1935185185185185
0 0.859375 0.3486111111111111 0.035416666666666666 0.17407407407407408
0 0.421875 0.19768518518518519 0.03229166666666667 0.1398148148148148
0 0.48359375 0.20324074074074075 0.022395833333333334 0.13703703703703704
0 0.7291666666666666 0.6592592592592592 0.04895833333333333 0.20462962962962963
0 0.73515625 0.6560185185185186 0.030729166666666665 0.18981481481481483
0 0.14791666666666667 0.18333333333333332 0.03229166666666667 0.19166666666666668
0 0.45338541666666665 0.19583333333333333 0.020833333333333332 0.1398148148148148
0 0.94609375 0.5120370370370371 0.028125 0.17685185185185184