0 0.06302083333333333 0.5967592592592592 0.04010416666666667 0.2111111111111111
0 0.63984375 0.9009259259259259 0.050520833333333334 0.19444444444444445
0 0.5580729166666667 0.18611111111111112 0.034375 0.15833333333333333
0 0.7080729166666667 0.5449074074074074 0.034895833333333334 0.18796296296296297
0 0.55234375 0.8486111111111111 0.058854166666666666 0.2324074074074074
0 0.44973958333333336 0.37083333333333335 0.03125 0.1675925925925926
0 0.72578125 0.8226851851851852 0.05572916666666667 0.19722222222222222
0 0.51484375 0.9222222222222223 0.034375 0.15462962962962962
0 0.20833333333333334 0.33101851851851855 0.034895833333333334 0.1675925925925926
0 0.91640625 0.5125 0.0453125 0.21481481481481482
0 0.4088541666666667 0.6722222222222223 0.040625 0.20462962962962963
0 0.5591145833333333 0.35324074074074074 0.030729166666666665 0.1675925925925926
0 0.41848958333333336 0.33935185185185185 0.03125 0.19074074074074074
0 0.8572916666666667 0.3472222222222222 0.0328125 0.175
0 0.91171875 0.28564814814814815 0.03125 0.15555555555555556
0 0.3328125 0.7870370370370371 0.03802083333333333 0.18981481481481483
0 0.42213541666666665 0.19814814814814816 0.03229166666666667 0.14351851851851852
0 0.8848958333333333 0.3439814814814815 0.029166666666666667 0.16574074074074074
0 0.72890625 0.674074074074074 0.049479166666666664 0.2361111111111111
0 0.453125 0.1912037037037037 0.0203125 0.1361111111111111
0 0.48385416666666664 0.20046296296296295 0.025 0.13333333333333333
0 0.9424479166666667 0.4981481481481482 0.0296875 0.19537037037037036
0 0.94140625 0.300462962962963 0.029166666666666667 0.1574074074074074
0 0.7359375 0.6689814814814815 0.028645833333333332 0.21296296296296297
0 0.4510416666666667 0.19953703703703704 0.0265625 0.14907407407407408