0 0.44947916666666665 0.8592592592592593 0.049479166666666664 0.2351851851851852
0 0.5416666666666666 0.9087962962962963 0.057291666666666664 0.1824074074074074
0 0.68671875 0.9513888888888888 0.05364583333333333 0.09722222222222222
0 0.54921875 0.27314814814814814 0.036458333333333336 0.18611111111111112
0 0.7078125 0.5444444444444444 0.034375 0.18796296296296297
0 0.54765625 0.7513888888888889 0.046875 0.21388888888888888
0 0.8872395833333333 0.40555555555555556 0.035416666666666666 0.18518518518518517
0 0.39921875 0.6652777777777777 0.03958333333333333 0.19537037037037036
0 0.49973958333333335 0.2490740740740741 0.023958333333333335 0.14166666666666666
0 0.4348958333333333 0.38981481481481484 0.034895833333333334 0.18333333333333332
0 0.22473958333333333 0.38981481481481484 0.03697916666666667 0.17685185185185184
0 0.33098958333333334 0.7893518518518519 0.044270833333333336 0.1935185185185185
0 0.6138020833333333 0.3060185185185185 0.030208333333333334 0.16944444444444445
0 0.9221354166666667 0.41435185185185186 0.0296875 0.1638888888888889
0 0.9528645833333333 0.35694444444444445 0.0359375 0.17037037037037037
0 0.8700520833333333 0.1912037037037037 0.03177083333333333 0.16574074074074074
0 0.05859375 0.5046296296296297 0.03333333333333333 0.17222222222222222
0 0.47291666666666665 0.24675925925925926 0.025 0.14907407407407408
0 0.4158854166666667 0.33194444444444443 0.029166666666666667 0.18055555555555555
0 0.5143229166666666 0.06435185185185185 0.027083333333333334 0.1287037037037037
0 0.9078125 0.2773148148148148 0.03229166666666667 0.1388888888888889
0 0.5408854166666667 0.07175925925925926 0.028125 0.13796296296296295
0 0.7354166666666667 0.6657407407407407 0.030208333333333334 0.2101851851851852
0 0.73125 0.6694444444444444 0.0515625 0.2212962962962963
0 0.4395833333333333 0.22268518518518518 0.0359375 0.15833333333333333