0 0.6859375 0.9490740740740741 0.05260416666666667 0.10185185185185185
0 0.4510416666666667 0.8629629629629629 0.04739583333333333 0.23333333333333334
0 0.5497395833333333 0.27361111111111114 0.035416666666666666 0.18611111111111112
0 0.5440104166666667 0.9097222222222222 0.05677083333333333 0.18055555555555555
0 0.8864583333333333 0.4050925925925926 0.036458333333333336 0.18703703703703703
0 0.22369791666666666 0.38564814814814813 0.0359375 0.17222222222222222
0 0.5486979166666667 0.7532407407407408 0.04583333333333333 0.21666666666666667
0 0.7080729166666667 0.5435185185185185 0.035416666666666666 0.18888888888888888
0 0.49947916666666664 0.24861111111111112 0.024479166666666666 0.14074074074074075
0 0.3997395833333333 0.6666666666666666 0.03854166666666667 0.19722222222222222
0 0.6127604166666667 0.30648148148148147 0.030208333333333334 0.16944444444444445
0 0.33098958333333334 0.787962962962963 0.044270833333333336 0.19074074074074074
0 0.43515625 0.3888888888888889 0.034375 0.18425925925925926
0 0.061197916666666664 0.4976851851851852 0.03333333333333333 0.18333333333333332
0 0.9510416666666667 0.3560185185185185 0.035416666666666666 0.1712962962962963
0 0.47291666666666665 0.24444444444444444 0.025520833333333333 0.14722222222222223
0 0.9203125 0.4101851851851852 0.028645833333333332 0.1685185185185185
0 0.8697916666666666 0.1875 0.03125 0.16296296296296298
0 0.41640625 0.33194444444444443 0.030208333333333334 0.1824074074074074
0 0.540625 0.0712962962962963 0.028125 0.1398148148148148
0 0.9645833333333333 0.6055555555555555 0.0453125 0.18518518518518517
0 0.05572916666666667 0.4935185185185185 0.05 0.19537037037037036
0 0.7369791666666666 0.6736111111111112 0.027083333333333334 0.22037037037037038
0 0.73203125 0.6685185185185185 0.050520833333333334 0.225
0 0.5138020833333333 0.06296296296296296 0.027604166666666666 0.1259259259259259
0 0.4395833333333333 0.2212962962962963 0.033854166666666664 0.16203703703703703