0 0.5372395833333333 0.8986111111111111 0.0515625 0.20277777777777778
0 0.446875 0.8319444444444445 0.04895833333333333 0.2222222222222222
0 0.68828125 0.9569444444444445 0.05260416666666667 0.08611111111111111
0 0.5502604166666667 0.2847222222222222 0.03697916666666667 0.17777777777777778
0 0.7080729166666667 0.5449074074074074 0.035416666666666666 0.18796296296296297
0 0.22369791666666666 0.39305555555555555 0.035416666666666666 0.175
0 0.5447916666666667 0.7393518518518518 0.0484375 0.20833333333333334
0 0.3307291666666667 0.7875 0.044270833333333336 0.18796296296296297
0 0.8921875 0.4148148148148148 0.03802083333333333 0.1814814814814815
0 0.055989583333333336 0.48703703703703705 0.034895833333333334 0.16666666666666666
0 0.3971354166666667 0.6722222222222223 0.04114583333333333 0.21203703703703702
0 0.6182291666666667 0.30185185185185187 0.03125 0.17222222222222222
0 0.5010416666666667 0.2537037037037037 0.025 0.14166666666666666
0 0.41744791666666664 0.3365740740740741 0.030729166666666665 0.18518518518518517
0 0.9247395833333333 0.42083333333333334 0.029166666666666667 0.1638888888888889
0 0.43515625 0.39351851851851855 0.0328125 0.17407407407407408
0 0.9583333333333334 0.362962962962963 0.03177083333333333 0.16944444444444445
0 0.5130208333333334 0.07037037037037037 0.028645833333333332 0.13425925925925927
0 0.8716145833333333 0.19953703703703704 0.030729166666666665 0.16203703703703703
0 0.73515625 0.6643518518518519 0.0296875 0.21388888888888888
0 0.47369791666666666 0.25462962962962965 0.0265625 0.1388888888888889
0 0.16015625 0.18009259259259258 0.0375 0.19907407407407407
0 0.5424479166666667 0.07546296296296297 0.028645833333333332 0.14074074074074075
0 0.73046875 0.6689814814814815 0.0484375 0.23055555555555557
0 0.9143229166666667 0.2912037037037037 0.030208333333333334 0.12314814814814815
0 0.21145833333333333 0.24027777777777778 0.03177083333333333 0.14722222222222223