0 0.5658854166666667 0.35462962962962963 0.0421875 0.19444444444444445
0 0.4947916666666667 0.8398148148148148 0.0421875 0.2537037037037037
0 0.45807291666666666 0.7560185185185185 0.04375 0.21666666666666667
0 0.70859375 0.5467592592592593 0.036458333333333336 0.1935185185185185
0 0.21510416666666668 0.4393518518518518 0.041666666666666664 0.17777777777777778
0 0.52578125 0.6800925925925926 0.046875 0.2111111111111111
0 0.33125 0.788425925925926 0.043229166666666666 0.18888888888888888
0 0.5143229166666666 0.29444444444444445 0.0296875 0.14722222222222223
0 0.92109375 0.462037037037037 0.0390625 0.19166666666666668
0 0.6395833333333333 0.26481481481481484 0.03125 0.15185185185185185
0 0.8833333333333333 0.2412037037037037 0.034895833333333334 0.16296296296296298
0 0.5484375 0.1087962962962963 0.029166666666666667 0.14351851851851852
0 0.475 0.2865740740740741 0.024479166666666666 0.1574074074074074
0 0.7359375 0.6671296296296296 0.029166666666666667 0.21666666666666667
0 0.51328125 0.09768518518518518 0.026041666666666668 0.1398148148148148
0 0.73125 0.6685185185185185 0.0453125 0.22870370370370371
0 0.9223958333333333 0.23287037037037037 0.0265625 0.1574074074074074
0 0.21692708333333333 0.2898148148148148 0.03229166666666667 0.17314814814814813
0 0.48854166666666665 0.10462962962962963 0.027083333333333334 0.14444444444444443
0 0.41770833333333335 0.3421296296296296 0.035416666666666666 0.19074074074074074
0 0.38671875 0.6814814814814815 0.03697916666666667 0.19166666666666668
0 0.9536458333333333 0.4675925925925926 0.030729166666666665 0.16944444444444445