0 0.5375 0.9 0.053125 0.2
0 0.4466145833333333 0.8342592592592593 0.05 0.2212962962962963
0 0.5505208333333333 0.2828703703703704 0.0375 0.17777777777777778
0 0.6877604166666667 0.9564814814814815 0.05260416666666667 0.08703703703703704
0 0.22421875 0.3939814814814815 0.035416666666666666 0.17407407407407408
0 0.7083333333333334 0.5462962962962963 0.034895833333333334 0.19074074074074074
0 0.3307291666666667 0.788425925925926 0.044270833333333336 0.18888888888888888
0 0.5455729166666666 0.7375 0.04739583333333333 0.20092592592592592
0 0.6177083333333333 0.30324074074074076 0.0328125 0.17222222222222222
0 0.05677083333333333 0.4888888888888889 0.033854166666666664 0.16574074074074074
0 0.5002604166666667 0.2537037037037037 0.024479166666666666 0.1425925925925926
0 0.92421875 0.4212962962962963 0.0296875 0.16111111111111112
0 0.8916666666666667 0.41388888888888886 0.03958333333333333 0.1814814814814815
0 0.39791666666666664 0.6699074074074074 0.0421875 0.20462962962962963
0 0.41692708333333334 0.33564814814814814 0.0296875 0.18518518518518517
0 0.4356770833333333 0.3921296296296296 0.03333333333333333 0.17407407407407408
0 0.9580729166666667 0.3611111111111111 0.03229166666666667 0.1685185185185185
0 0.8716145833333333 0.2 0.030729166666666665 0.16203703703703703
0 0.159375 0.1787037037037037 0.0359375 0.19537037037037036
0 0.5130208333333334 0.0699074074074074 0.028645833333333332 0.1361111111111111
0 0.47291666666666665 0.2518518518518518 0.025520833333333333 0.14351851851851852
0 0.21145833333333333 0.2324074074074074 0.033854166666666664 0.1712962962962963
0 0.73515625 0.6643518518518519 0.028125 0.2101851851851852
0 0.7309895833333333 0.6685185185185185 0.04739583333333333 0.22314814814814815
0 0.9130208333333333 0.28888888888888886 0.030208333333333334 0.12407407407407407
0 0.5419270833333333 0.07546296296296297 0.028125 0.14074074074074075