0 0.5658854166666667 0.36574074074074076 0.03958333333333333 0.1962962962962963
0 0.459375 0.7467592592592592 0.04635416666666667 0.21851851851851853
0 0.4875 0.8342592592592593 0.04739583333333333 0.25277777777777777
0 0.52421875 0.6726851851851852 0.04635416666666667 0.2101851851851852
0 0.7078125 0.5453703703703704 0.035416666666666666 0.19074074074074074
0 0.20859375 0.44212962962962965 0.0390625 0.1787037037037037
0 0.33098958333333334 0.7875 0.044270833333333336 0.18981481481481483
0 0.9231770833333334 0.47129629629629627 0.03802083333333333 0.19537037037037036
0 0.5145833333333333 0.29444444444444445 0.027604166666666666 0.14814814814814814
0 0.884375 0.25092592592592594 0.03333333333333333 0.16296296296296298
0 0.4752604166666667 0.29212962962962963 0.025520833333333333 0.15
0 0.6421875 0.2652777777777778 0.03177083333333333 0.1537037037037037
0 0.54921875 0.1125 0.030729166666666665 0.1398148148148148
0 0.7356770833333334 0.6666666666666666 0.029166666666666667 0.21666666666666667
0 0.38619791666666664 0.6893518518518519 0.041666666666666664 0.21666666666666667
0 0.9255208333333333 0.2439814814814815 0.025 0.1537037037037037
0 0.7325520833333333 0.6694444444444444 0.04635416666666667 0.22777777777777777
0 0.41875 0.34120370370370373 0.03333333333333333 0.19444444444444445
0 0.98359375 0.4185185185185185 0.03229166666666667 0.1925925925925926
0 0.8455729166666667 0.18935185185185185 0.023958333333333335 0.14074074074074075
0 0.5135416666666667 0.08935185185185185 0.029166666666666667 0.16018518518518518
0 0.9541666666666667 0.47824074074074074 0.030729166666666665 0.1712962962962963