0 0.4627604166666667 0.7967592592592593 0.046875 0.23148148148148148
0 0.515625 0.3138888888888889 0.029166666666666667 0.15
0 0.5723958333333333 0.3925925925925926 0.04114583333333333 0.20185185185185187
0 0.9361979166666666 0.4976851851851852 0.04010416666666667 0.19074074074074074
0 0.21666666666666667 0.46435185185185185 0.03854166666666667 0.18703703703703703
0 0.7080729166666667 0.5435185185185185 0.034895833333333334 0.18981481481481483
0 0.5252604166666667 0.649537037037037 0.042708333333333334 0.21296296296296297
0 0.33046875 0.787962962962963 0.04479166666666667 0.19166666666666668
0 0.45729166666666665 0.6657407407407407 0.044270833333333336 0.13703703703703704
0 0.8981770833333333 0.2625 0.034895833333333334 0.15925925925925927
0 0.8572916666666667 0.21296296296296297 0.023958333333333335 0.14074074074074075
0 0.41901041666666666 0.34074074074074073 0.03125 0.19074074074074074
0 0.4739583333333333 0.3037037037037037 0.028645833333333332 0.16296296296296298
0 0.20651041666666667 0.26342592592592595 0.024479166666666666 0.14814814814814814
0 0.734375 0.6652777777777777 0.0328125 0.21851851851851853
0 0.7317708333333334 0.6689814814814815 0.04895833333333333 0.22777777777777777
0 0.22604166666666667 0.3226851851851852 0.030208333333333334 0.16018518518518518
0 0.5494791666666666 0.12824074074074074 0.0296875 0.14907407407407408
0 0.6578125 0.25 0.03177083333333333 0.14629629629629629