0 0.48515625 0.825 0.046875 0.23981481481481481
0 0.56484375 0.36666666666666664 0.03958333333333333 0.1935185185185185
0 0.7078125 0.5449074074074074 0.0359375 0.18888888888888888
0 0.5236979166666667 0.675 0.04479166666666667 0.21296296296296297
0 0.9244791666666666 0.47314814814814815 0.0390625 0.1935185185185185
0 0.46015625 0.7384259259259259 0.0453125 0.2111111111111111
0 0.8859375 0.2518518518518518 0.033854166666666664 0.16296296296296298
0 0.21041666666666667 0.4462962962962963 0.04635416666666667 0.18333333333333332
0 0.5151041666666667 0.2949074074074074 0.028125 0.14814814814814814
0 0.33125 0.787962962962963 0.04375 0.19074074074074074
0 0.6432291666666666 0.2625 0.03229166666666667 0.15462962962962962
0 0.475 0.29444444444444445 0.027604166666666666 0.14444444444444443
0 0.5494791666666666 0.11435185185185186 0.03125 0.1398148148148148
0 0.9825520833333333 0.4199074074074074 0.034375 0.18055555555555555
0 0.8473958333333333 0.1925925925925926 0.025 0.14351851851851852
0 0.9263020833333333 0.24583333333333332 0.024479166666666666 0.15462962962962962
0 0.41770833333333335 0.34120370370370373 0.033854166666666664 0.19166666666666668
0 0.38671875 0.6912037037037037 0.042708333333333334 0.21944444444444444
0 0.7356770833333334 0.6680555555555555 0.029166666666666667 0.21666666666666667
0 0.73046875 0.6708333333333333 0.0484375 0.22962962962962963
0 0.95546875 0.47962962962962963 0.028645833333333332 0.175