0 0.5395833333333333 0.9023148148148148 0.057291666666666664 0.19537037037037036
0 0.44765625 0.8444444444444444 0.05 0.22592592592592592
0 0.6877604166666667 0.9555555555555556 0.05260416666666667 0.08888888888888889
0 0.2234375 0.3912037037037037 0.035416666666666666 0.175
0 0.55078125 0.28055555555555556 0.03802083333333333 0.18333333333333332
0 0.7083333333333334 0.5449074074074074 0.035416666666666666 0.18611111111111112
0 0.8890625 0.4101851851851852 0.03854166666666667 0.18518518518518517
0 0.3307291666666667 0.7888888888888889 0.044270833333333336 0.18888888888888888
0 0.5458333333333333 0.7430555555555556 0.04791666666666667 0.20185185185185187
0 0.6161458333333333 0.30462962962962964 0.03229166666666667 0.17314814814814813
0 0.9231770833333334 0.41435185185185186 0.0296875 0.1712962962962963
0 0.05677083333333333 0.48703703703703705 0.0359375 0.1712962962962963
0 0.5002604166666667 0.25277777777777777 0.0234375 0.14351851851851852
0 0.4348958333333333 0.3939814814814815 0.03125 0.17037037037037037
0 0.39791666666666664 0.6699074074074074 0.03958333333333333 0.20462962962962963
0 0.9567708333333333 0.35694444444444445 0.0328125 0.17314814814814813
0 0.4166666666666667 0.33425925925925926 0.0296875 0.1814814814814815
0 0.8713541666666667 0.1986111111111111 0.0296875 0.16203703703703703
0 0.47265625 0.24953703703703703 0.026041666666666668 0.14814814814814814
0 0.5135416666666667 0.06805555555555555 0.0265625 0.13333333333333333
0 0.7361979166666667 0.6652777777777777 0.0296875 0.21944444444444444
0 0.9109375 0.287962962962963 0.033854166666666664 0.13703703703703704
0 0.73359375 0.6699074074074074 0.04635416666666667 0.2324074074074074
0 0.15885416666666666 0.18055555555555555 0.035416666666666666 0.19722222222222222
0 0.5416666666666666 0.07407407407407407 0.027083333333333334 0.14074074074074075