0 0.5361979166666667 0.8962962962962963 0.0484375 0.2074074074074074
0 0.4471354166666667 0.8296296296296296 0.04635416666666667 0.22314814814814815
0 0.6885416666666667 0.9583333333333334 0.052083333333333336 0.08333333333333333
0 0.5502604166666667 0.28935185185185186 0.0375 0.18055555555555555
0 0.22161458333333334 0.39444444444444443 0.0359375 0.175
0 0.7083333333333334 0.5449074074074074 0.034895833333333334 0.18703703703703703
0 0.5442708333333334 0.7324074074074074 0.046875 0.20185185185185187
0 0.33098958333333334 0.7893518518518519 0.04375 0.18888888888888888
0 0.3963541666666667 0.6736111111111112 0.0421875 0.21481481481481482
0 0.4354166666666667 0.39351851851851855 0.03229166666666667 0.17592592592592593
0 0.9263020833333333 0.42314814814814816 0.027083333333333334 0.15462962962962962
0 0.6190104166666667 0.29953703703703705 0.03177083333333333 0.16944444444444445
0 0.055989583333333336 0.48518518518518516 0.035416666666666666 0.1685185185185185
0 0.8919270833333334 0.42083333333333334 0.04114583333333333 0.1814814814814815
0 0.41692708333333334 0.3365740740740741 0.030729166666666665 0.18611111111111112
0 0.5010416666666667 0.2550925925925926 0.025520833333333333 0.1425925925925926
0 0.959375 0.3648148148148148 0.030208333333333334 0.16574074074074074
0 0.5127604166666667 0.07083333333333333 0.030729166666666665 0.1361111111111111
0 0.2109375 0.22916666666666666 0.0328125 0.17407407407407408
0 0.8721354166666667 0.20046296296296295 0.0296875 0.1574074074074074
0 0.5421875 0.07592592592592592 0.029166666666666667 0.14074074074074075
0 0.7354166666666667 0.6657407407407407 0.029166666666666667 0.21666666666666667
0 0.159375 0.17916666666666667 0.03697916666666667 0.19722222222222222
0 0.7328125 0.6689814814814815 0.0484375 0.22777777777777777
0 0.47369791666666666 0.25 0.026041666666666668 0.14814814814814814
0 0.051041666666666666 0.4666666666666667 0.052083333333333336 0.2064814814814815