0 0.5359375 0.8949074074074074 0.046875 0.2101851851851852
0 0.4473958333333333 0.8291666666666667 0.046875 0.22407407407407406
0 0.5505208333333333 0.2912037037037037 0.036458333333333336 0.1814814814814815
0 0.6893229166666667 0.9597222222222223 0.050520833333333334 0.08055555555555556
0 0.7083333333333334 0.5449074074074074 0.0359375 0.18888888888888888
0 0.22135416666666666 0.39444444444444443 0.0359375 0.175
0 0.5432291666666667 0.7300925925925926 0.04583333333333333 0.20185185185185187
0 0.33125 0.7907407407407407 0.044270833333333336 0.18981481481481483
0 0.4356770833333333 0.39305555555555555 0.03229166666666667 0.17592592592592593
0 0.9276041666666667 0.42407407407407405 0.0265625 0.15648148148148147
0 0.39505208333333336 0.6759259259259259 0.043229166666666666 0.21944444444444444
0 0.6197916666666666 0.2962962962962963 0.03229166666666667 0.1648148148148148
0 0.5020833333333333 0.25601851851851853 0.026041666666666668 0.14074074074074075
0 0.05625 0.48657407407407405 0.034375 0.1638888888888889
0 0.8940104166666667 0.4162037037037037 0.041666666666666664 0.18055555555555555
0 0.41744791666666664 0.33611111111111114 0.03125 0.18518518518518517
0 0.5119791666666667 0.07037037037037037 0.03125 0.13518518518518519
0 0.9598958333333333 0.36666666666666664 0.030208333333333334 0.1648148148148148
0 0.8723958333333334 0.2013888888888889 0.030208333333333334 0.15648148148148147
0 0.2109375 0.2310185185185185 0.03333333333333333 0.18055555555555555
0 0.4739583333333333 0.25416666666666665 0.026041666666666668 0.1388888888888889
0 0.5427083333333333 0.07592592592592592 0.0296875 0.1388888888888889
0 0.7354166666666667 0.6662037037037037 0.028645833333333332 0.21666666666666667
0 0.73359375 0.6708333333333333 0.0484375 0.22777777777777777
0 0.9182291666666667 0.2800925925925926 0.03125 0.08796296296296297
0 0.15885416666666666 0.17962962962962964 0.036458333333333336 0.19722222222222222