0 0.5651041666666666 0.35185185185185186 0.041666666666666664 0.19722222222222222
0 0.4953125 0.8407407407407408 0.042708333333333334 0.2518518518518518
0 0.7078125 0.5458333333333333 0.036458333333333336 0.19166666666666668
0 0.21484375 0.4388888888888889 0.0421875 0.18055555555555555
0 0.45755208333333336 0.7578703703703704 0.046875 0.2222222222222222
0 0.51328125 0.29305555555555557 0.029166666666666667 0.14537037037037037
0 0.33098958333333334 0.7893518518518519 0.04375 0.19074074074074074
0 0.9200520833333333 0.46064814814814814 0.03854166666666667 0.19166666666666668
0 0.52578125 0.6814814814814815 0.04635416666666667 0.2111111111111111
0 0.8822916666666667 0.23981481481481481 0.034375 0.1648148148148148
0 0.4747395833333333 0.2861111111111111 0.027083333333333334 0.15648148148148147
0 0.6395833333333333 0.2657407407407407 0.03125 0.15
0 0.5484375 0.10787037037037037 0.028645833333333332 0.1425925925925926
0 0.9533854166666667 0.47175925925925927 0.03229166666666667 0.16018518518518518
0 0.7359375 0.6671296296296296 0.029166666666666667 0.21296296296296297
0 0.7296875 0.6689814814814815 0.0484375 0.22685185185185186
0 0.9216145833333333 0.22962962962962963 0.026041666666666668 0.15092592592592594
0 0.51328125 0.09583333333333334 0.028125 0.14351851851851852
0 0.48776041666666664 0.10416666666666667 0.026041666666666668 0.1425925925925926
0 0.84453125 0.1884259259259259 0.022916666666666665 0.14074074074074075
0 0.21666666666666667 0.2796296296296296 0.030729166666666665 0.16018518518518518