0 0.5708333333333333 0.3907407407407407 0.03958333333333333 0.20185185185185187
0 0.7083333333333334 0.5439814814814815 0.034375 0.18981481481481483
0 0.21588541666666666 0.4625 0.036458333333333336 0.19074074074074074
0 0.4666666666666667 0.7981481481481482 0.053125 0.2490740740740741
0 0.8953125 0.262037037037037 0.0359375 0.15833333333333333
0 0.3307291666666667 0.7888888888888889 0.04479166666666667 0.19166666666666668
0 0.5265625 0.6467592592592593 0.0453125 0.20185185185185187
0 0.934375 0.487962962962963 0.03802083333333333 0.18425925925925926
0 0.5158854166666667 0.30972222222222223 0.0296875 0.14814814814814814
0 0.85546875 0.20416666666666666 0.023958333333333335 0.14166666666666666
0 0.20677083333333332 0.25925925925925924 0.0265625 0.15185185185185185
0 0.9872395833333333 0.4361111111111111 0.025 0.18611111111111112
0 0.4192708333333333 0.3416666666666667 0.0328125 0.1935185185185185
0 0.734375 0.6652777777777777 0.033854166666666664 0.22037037037037038
0 0.4747395833333333 0.3074074074074074 0.025 0.14907407407407408
0 0.6533854166666667 0.2523148148148148 0.030729166666666665 0.14722222222222223
0 0.73125 0.6685185185185185 0.049479166666666664 0.22685185185185186
0 0.4591145833333333 0.6842592592592592 0.044270833333333336 0.15
0 0.9645833333333333 0.4925925925925926 0.03177083333333333 0.14722222222222223
0 0.22526041666666666 0.31805555555555554 0.030729166666666665 0.16111111111111112
0 0.55 0.12638888888888888 0.029166666666666667 0.14722222222222223