0 0.54140625 0.9050925925925926 0.059375 0.18981481481481483
0 0.44895833333333335 0.8564814814814815 0.05 0.2388888888888889
0 0.6872395833333333 0.9527777777777777 0.05416666666666667 0.09444444444444444
0 0.5502604166666667 0.27361111111111114 0.03697916666666667 0.18796296296296297
0 0.8875 0.4074074074074074 0.03697916666666667 0.18333333333333332
0 0.54765625 0.750462962962963 0.0484375 0.2111111111111111
0 0.7080729166666667 0.5449074074074074 0.034895833333333334 0.18981481481481483
0 0.9223958333333333 0.41759259259259257 0.030208333333333334 0.16111111111111112
0 0.22473958333333333 0.3902777777777778 0.03697916666666667 0.17592592592592593
0 0.6145833333333334 0.30648148148148147 0.03177083333333333 0.17037037037037037
0 0.5 0.24953703703703703 0.023958333333333335 0.1425925925925926
0 0.3307291666666667 0.7898148148148149 0.044270833333333336 0.19166666666666668
0 0.4354166666666667 0.38935185185185184 0.033854166666666664 0.17962962962962964
0 0.3984375 0.6694444444444444 0.03958333333333333 0.2037037037037037
0 0.9536458333333333 0.35694444444444445 0.035416666666666666 0.17037037037037037
0 0.87109375 0.19490740740740742 0.030729166666666665 0.16666666666666666
0 0.9088541666666666 0.28055555555555556 0.03177083333333333 0.15185185185185185
0 0.47291666666666665 0.25 0.025 0.14629629629629629
0 0.4161458333333333 0.33287037037037037 0.029166666666666667 0.18055555555555555
0 0.5140625 0.06388888888888888 0.028645833333333332 0.12685185185185185
0 0.48125 0.07083333333333333 0.0234375 0.14166666666666666
0 0.5408854166666667 0.07361111111111111 0.028645833333333332 0.1398148148148148
0 0.05807291666666667 0.4986111111111111 0.03333333333333333 0.17314814814814813