0 0.22057291666666667 0.4861111111111111 0.043229166666666666 0.18425925925925926
0 0.5731770833333333 0.42777777777777776 0.0421875 0.20277777777777778
0 0.7083333333333334 0.5453703703703704 0.0359375 0.1935185185185185
0 0.9471354166666667 0.524537037037037 0.04010416666666667 0.19814814814814816
0 0.5213541666666667 0.6212962962962963 0.04375 0.2064814814814815
0 0.43828125 0.7671296296296296 0.050520833333333334 0.22870370370370371
0 0.5169270833333334 0.33564814814814814 0.030729166666666665 0.15092592592592594
0 0.33098958333333334 0.7898148148148149 0.04375 0.18703703703703703
0 0.8658854166666666 0.22407407407407406 0.029166666666666667 0.13796296296296295
0 0.41822916666666665 0.34120370370370373 0.03229166666666667 0.18703703703703703
0 0.915625 0.28425925925925927 0.034895833333333334 0.15648148148148147
0 0.23411458333333332 0.3421296296296296 0.03697916666666667 0.1638888888888889
0 0.47421875 0.34074074074074073 0.0265625 0.13333333333333333
0 0.5510416666666667 0.13935185185185187 0.03177083333333333 0.14629629629629629
0 0.734375 0.6652777777777777 0.030729166666666665 0.21481481481481482
0 0.7296875 0.6689814814814815 0.04739583333333333 0.22592592592592592
0 0.4513020833333333 0.6666666666666666 0.041666666666666664 0.20092592592592592
0 0.4505208333333333 0.6342592592592593 0.0421875 0.13425925925925927
0 0.20885416666666667 0.2810185185185185 0.027083333333333334 0.1537037037037037
0 0.08880208333333334 0.3763888888888889 0.028645833333333332 0.15648148148148147