0 0.5744791666666667 0.40879629629629627 0.040625 0.1962962962962963
0 0.94140625 0.5125 0.04375 0.20185185185185187
0 0.9028645833333333 0.2712962962962963 0.03229166666666667 0.16018518518518518
0 0.70859375 0.5453703703703704 0.035416666666666666 0.19444444444444445
0 0.45416666666666666 0.7435185185185185 0.04739583333333333 0.3055555555555556
0 0.21588541666666666 0.47175925925925927 0.0421875 0.18796296296296297
0 0.52265625 0.6300925925925925 0.040625 0.2
0 0.33098958333333334 0.788425925925926 0.043229166666666666 0.18981481481481483
0 0.86015625 0.21666666666666667 0.026041666666666668 0.14537037037037037
0 0.5171875 0.3236111111111111 0.030729166666666665 0.15185185185185185
0 0.41901041666666666 0.3435185185185185 0.03177083333333333 0.18518518518518517
0 0.22734375 0.32731481481481484 0.03333333333333333 0.17685185185185184
0 0.93828125 0.275 0.027604166666666666 0.1648148148148148
0 0.6630208333333333 0.24166666666666667 0.0328125 0.1648148148148148
0 0.20598958333333334 0.2712962962962963 0.024479166666666666 0.15
0 0.7346354166666667 0.6648148148148149 0.03177083333333333 0.21574074074074073
0 0.4973958333333333 0.12824074074074074 0.027604166666666666 0.15
0 0.5169270833333334 0.11990740740740741 0.025 0.14629629629629629
0 0.08541666666666667 0.37777777777777777 0.029166666666666667 0.17592592592592593
0 0.7291666666666666 0.6662037037037037 0.0484375 0.2222222222222222
0 0.475 0.31805555555555554 0.023958333333333335 0.15462962962962962
0 0.5502604166666667 0.12962962962962962 0.030729166666666665 0.15185185185185185
0 0.390625 0.06435185185185185 0.0265625 0.1287037037037037