0 0.565625 0.36203703703703705 0.04010416666666667 0.19074074074074074
0 0.48854166666666665 0.8342592592592593 0.04895833333333333 0.2518518518518518
0 0.4583333333333333 0.7481481481481481 0.04375 0.21666666666666667
0 0.7078125 0.5453703703703704 0.036458333333333336 0.18981481481481483
0 0.9221354166666667 0.4703703703703704 0.0390625 0.20092592592592592
0 0.5247395833333334 0.674537037037037 0.04739583333333333 0.2101851851851852
0 0.3307291666666667 0.7875 0.044270833333333336 0.19074074074074074
0 0.21015625 0.44212962962962965 0.03854166666666667 0.18055555555555555
0 0.5140625 0.29398148148148145 0.027604166666666666 0.14722222222222223
0 0.8830729166666667 0.25 0.0328125 0.1638888888888889
0 0.4752604166666667 0.2912037037037037 0.025 0.1527777777777778
0 0.5486979166666667 0.11157407407407408 0.030729166666666665 0.1398148148148148
0 0.6419270833333334 0.26342592592592595 0.03177083333333333 0.1537037037037037
0 0.41875 0.3421296296296296 0.03333333333333333 0.19166666666666668
0 0.7364583333333333 0.6694444444444444 0.030208333333333334 0.21666666666666667
0 0.9247395833333333 0.2439814814814815 0.025520833333333333 0.1527777777777778
0 0.7341145833333333 0.6722222222222223 0.04739583333333333 0.22870370370370371
0 0.3859375 0.6907407407407408 0.041666666666666664 0.21851851851851853
0 0.51328125 0.09305555555555556 0.029166666666666667 0.15555555555555556
0 0.95390625 0.4777777777777778 0.0296875 0.1685185185185185
0 0.9833333333333333 0.41805555555555557 0.0328125 0.18888888888888888
0 0.8453125 0.18888888888888888 0.023958333333333335 0.1398148148148148
0 0.4125 0.3458333333333333 0.040625 0.19722222222222222