0 0.57265625 0.3962962962962963 0.04010416666666667 0.2
0 0.7083333333333334 0.5439814814814815 0.035416666666666666 0.19074074074074074
0 0.5161458333333333 0.31712962962962965 0.029166666666666667 0.15
0 0.46041666666666664 0.7875 0.04479166666666667 0.23148148148148148
0 0.3307291666666667 0.788425925925926 0.04375 0.18981481481481483
0 0.9385416666666667 0.4976851851851852 0.041666666666666664 0.18333333333333332
0 0.21510416666666668 0.46574074074074073 0.03697916666666667 0.18518518518518517
0 0.5247395833333334 0.6476851851851851 0.04114583333333333 0.21203703703703702
0 0.45651041666666664 0.6592592592592592 0.04375 0.13055555555555556
0 0.41901041666666666 0.34120370370370373 0.03229166666666667 0.19074074074074074
0 0.8989583333333333 0.2638888888888889 0.0328125 0.15555555555555556
0 0.9356770833333333 0.2662037037037037 0.027083333333333334 0.1648148148148148
0 0.20651041666666667 0.26666666666666666 0.025 0.14537037037037037
0 0.4744791666666667 0.3074074074074074 0.025520833333333333 0.1638888888888889
0 0.7333333333333333 0.6657407407407407 0.034375 0.2212962962962963
0 0.8580729166666666 0.21435185185185185 0.026041666666666668 0.1425925925925926
0 0.22630208333333332 0.3212962962962963 0.03125 0.16666666666666666
0 0.73046875 0.6680555555555555 0.05 0.2324074074074074
0 0.6596354166666667 0.25 0.03125 0.14629629629629629
0 0.54921875 0.12824074074074074 0.0296875 0.14907407407407408