0 0.5325520833333334 0.8907407407407407 0.049479166666666664 0.21851851851851853
0 0.4484375 0.8282407407407407 0.04739583333333333 0.22870370370370371
0 0.553125 0.2949074074074074 0.036458333333333336 0.18796296296296297
0 0.7083333333333334 0.5449074074074074 0.0359375 0.18981481481481483
0 0.5416666666666666 0.7236111111111111 0.044270833333333336 0.2
0 0.21927083333333333 0.40324074074074073 0.03697916666666667 0.18055555555555555
0 0.69140625 0.9606481481481481 0.04583333333333333 0.0787037037037037
0 0.33125 0.7902777777777777 0.043229166666666666 0.19074074074074074
0 0.9309895833333334 0.42777777777777776 0.0328125 0.1638888888888889
0 0.3932291666666667 0.6759259259259259 0.041666666666666664 0.21574074074074073
0 0.50234375 0.25972222222222224 0.024479166666666666 0.14074074074074075
0 0.8973958333333333 0.41805555555555557 0.040625 0.1824074074074074
0 0.87265625 0.2023148148148148 0.03229166666666667 0.16018518518518518
0 0.6229166666666667 0.29444444444444445 0.034375 0.16574074074074074
0 0.434375 0.3925925925925926 0.03125 0.175
0 0.055989583333333336 0.4861111111111111 0.035416666666666666 0.1685185185185185
0 0.41796875 0.3365740740740741 0.0328125 0.18703703703703703
0 0.4747395833333333 0.25833333333333336 0.026041666666666668 0.14629629629629629
0 0.921875 0.29259259259259257 0.03125 0.11388888888888889
0 0.96171875 0.3699074074074074 0.03333333333333333 0.1648148148148148
0 0.5109375 0.0712962962962963 0.028125 0.1361111111111111
0 0.73515625 0.6643518518518519 0.028125 0.21481481481481482
0 0.5434895833333333 0.07777777777777778 0.028125 0.14074074074074075
0 0.9072916666666667 0.20046296296296295 0.022916666666666665 0.15
0 0.7333333333333333 0.6689814814814815 0.04635416666666667 0.23148148148148148