0 0.684375 0.9481481481481482 0.0515625 0.1037037037037037
0 0.4513020833333333 0.8634259259259259 0.04739583333333333 0.23148148148148148
0 0.5450520833333333 0.9106481481481481 0.05625 0.1787037037037037
0 0.5494791666666666 0.7550925925925925 0.04739583333333333 0.21944444444444444
0 0.22395833333333334 0.3851851851851852 0.03697916666666667 0.17685185185185184
0 0.5497395833333333 0.2708333333333333 0.034895833333333334 0.1814814814814815
0 0.7080729166666667 0.5439814814814815 0.034895833333333334 0.18888888888888888
0 0.8864583333333333 0.4050925925925926 0.0375 0.18796296296296297
0 0.49921875 0.24583333333333332 0.023958333333333335 0.14074074074074075
0 0.6119791666666666 0.30648148148148147 0.0296875 0.1675925925925926
0 0.4 0.6680555555555555 0.03958333333333333 0.19722222222222222
0 0.33098958333333334 0.7888888888888889 0.044270833333333336 0.19166666666666668
0 0.47213541666666664 0.2439814814814815 0.025520833333333333 0.14722222222222223
0 0.9505208333333334 0.3537037037037037 0.034895833333333334 0.16666666666666666
0 0.43463541666666666 0.38842592592592595 0.033854166666666664 0.18333333333333332
0 0.8690104166666667 0.18564814814814815 0.0296875 0.16111111111111112
0 0.5408854166666667 0.0712962962962963 0.028125 0.14166666666666666
0 0.9190104166666667 0.40879629629629627 0.028645833333333332 0.1638888888888889
0 0.4171875 0.33287037037037037 0.030729166666666665 0.1814814814814815
0 0.9619791666666667 0.6041666666666666 0.041666666666666664 0.19074074074074074
0 0.0609375 0.5097222222222222 0.034375 0.16111111111111112
0 0.51328125 0.0625 0.027604166666666666 0.125
0 0.9046875 0.2791666666666667 0.0296875 0.1388888888888889
0 0.73515625 0.6652777777777777 0.028125 0.21481481481481482
0 0.73125 0.6694444444444444 0.04739583333333333 0.22962962962962963
0 0.15885416666666666 0.1787037037037037 0.036458333333333336 0.19814814814814816
0 0.48151041666666666 0.06898148148148148 0.021875 0.13796296296296295
0 0.4388020833333333 0.22175925925925927 0.034375 0.16203703703703703