0 0.68359375 0.9462962962962963 0.050520833333333334 0.10740740740740741
0 0.4515625 0.8629629629629629 0.046875 0.23148148148148148
0 0.5458333333333333 0.9106481481481481 0.05677083333333333 0.1787037037037037
0 0.22447916666666667 0.38287037037037036 0.03802083333333333 0.17777777777777778
0 0.5502604166666667 0.2712962962962963 0.035416666666666666 0.18333333333333332
0 0.61171875 0.3050925925925926 0.03177083333333333 0.1685185185185185
0 0.7083333333333334 0.5439814814814815 0.035416666666666666 0.18888888888888888
0 0.88671875 0.40370370370370373 0.0390625 0.18888888888888888
0 0.4986979166666667 0.2462962962962963 0.0234375 0.14074074074074075
0 0.5502604166666667 0.7564814814814815 0.04895833333333333 0.2175925925925926
0 0.33098958333333334 0.7902777777777777 0.04375 0.1935185185185185
0 0.43411458333333336 0.38842592592592595 0.035416666666666666 0.18796296296296297
0 0.39921875 0.662962962962963 0.03802083333333333 0.19166666666666668
0 0.47239583333333335 0.24351851851851852 0.026041666666666668 0.14537037037037037
0 0.061197916666666664 0.5 0.035416666666666666 0.17962962962962964
0 0.8690104166666667 0.18518518518518517 0.030729166666666665 0.16203703703703703
0 0.95 0.3527777777777778 0.036458333333333336 0.17037037037037037
0 0.91953125 0.40694444444444444 0.028645833333333332 0.16111111111111112
0 0.9627604166666667 0.5990740740740741 0.041666666666666664 0.18425925925925926
0 0.05546875 0.49027777777777776 0.05 0.20462962962962963
0 0.5408854166666667 0.06898148148148148 0.028645833333333332 0.1361111111111111
0 0.9044270833333333 0.28055555555555556 0.0296875 0.1425925925925926
0 0.5130208333333334 0.062037037037037036 0.027083333333333334 0.12407407407407407
0 0.4390625 0.22037037037037038 0.0328125 0.16018518518518518
0 0.4166666666666667 0.33287037037037037 0.027604166666666666 0.17407407407407408
0 0.7348958333333333 0.662962962962963 0.029166666666666667 0.2111111111111111
0 0.7296875 0.6671296296296296 0.049479166666666664 0.22685185185185186
0 0.48151041666666666 0.06944444444444445 0.022395833333333334 0.1388888888888889
0 0.15911458333333334 0.17777777777777778 0.03697916666666667 0.19907407407407407