0 0.540625 0.9027777777777778 0.05677083333333333 0.19444444444444445
0 0.44817708333333334 0.850925925925926 0.05 0.23333333333333334
0 0.6880208333333333 0.9550925925925926 0.05260416666666667 0.08981481481481482
0 0.22369791666666666 0.39166666666666666 0.0359375 0.17685185185185184
0 0.5505208333333333 0.2791666666666667 0.03802083333333333 0.18518518518518517
0 0.7078125 0.5444444444444444 0.034895833333333334 0.18703703703703703
0 0.3307291666666667 0.7888888888888889 0.044270833333333336 0.18981481481481483
0 0.9223958333333333 0.4199074074074074 0.029166666666666667 0.16203703703703703
0 0.5463541666666667 0.7449074074074075 0.0484375 0.2037037037037037
0 0.88828125 0.4101851851851852 0.03697916666666667 0.18333333333333332
0 0.4348958333333333 0.3939814814814815 0.03177083333333333 0.1712962962962963
0 0.6161458333333333 0.30416666666666664 0.03177083333333333 0.17222222222222222
0 0.50078125 0.2518518518518518 0.024479166666666666 0.14166666666666666
0 0.05651041666666667 0.48842592592592593 0.0359375 0.17962962962962964
0 0.3984375 0.6703703703703704 0.03958333333333333 0.20555555555555555
0 0.41692708333333334 0.3333333333333333 0.029166666666666667 0.1824074074074074
0 0.9559895833333333 0.3560185185185185 0.034895833333333334 0.1712962962962963
0 0.8713541666666667 0.1962962962962963 0.030208333333333334 0.16666666666666666
0 0.9096354166666667 0.28703703703703703 0.034375 0.1425925925925926
0 0.47239583333333335 0.24768518518518517 0.0265625 0.15092592592592594
0 0.5130208333333334 0.06759259259259259 0.0296875 0.13333333333333333
0 0.48072916666666665 0.07083333333333333 0.022916666666666665 0.14166666666666666
0 0.7322916666666667 0.6703703703703704 0.052083333333333336 0.22962962962962963
0 0.7361979166666667 0.6657407407407407 0.03177083333333333 0.21851851851851853
0 0.5411458333333333 0.07314814814814814 0.028125 0.1398148148148148
0 0.159375 0.18009259259259258 0.035416666666666666 0.19722222222222222
0 0.21328125 0.23657407407407408 0.03333333333333333 0.15