0 0.56484375 0.36712962962962964 0.04010416666666667 0.1935185185185185
0 0.4828125 0.825 0.049479166666666664 0.24166666666666667
0 0.92578125 0.475 0.041666666666666664 0.19814814814814816
0 0.7083333333333334 0.5462962962962963 0.036458333333333336 0.1925925925925926
0 0.5239583333333333 0.6759259259259259 0.044270833333333336 0.21481481481481482
0 0.46015625 0.7333333333333333 0.04583333333333333 0.20833333333333334
0 0.33046875 0.787962962962963 0.04479166666666667 0.19074074074074074
0 0.8864583333333333 0.25 0.033854166666666664 0.16666666666666666
0 0.21067708333333332 0.4449074074074074 0.04583333333333333 0.17962962962962964
0 0.5153645833333333 0.2967592592592593 0.029166666666666667 0.14814814814814814
0 0.4752604166666667 0.29583333333333334 0.027604166666666666 0.14444444444444443
0 0.55 0.1162037037037037 0.03125 0.1425925925925926
0 0.64296875 0.262037037037037 0.03333333333333333 0.15833333333333333
0 0.9265625 0.2462962962962963 0.025 0.15462962962962962
0 0.41796875 0.3416666666666667 0.034895833333333334 0.1935185185185185
0 0.8481770833333333 0.19305555555555556 0.025 0.14166666666666666
0 0.9825520833333333 0.42407407407407405 0.034375 0.19166666666666668
0 0.7359375 0.6671296296296296 0.0296875 0.21203703703703702
0 0.7302083333333333 0.6694444444444444 0.049479166666666664 0.2222222222222222
0 0.38619791666666664 0.6898148148148148 0.0421875 0.21574074074074073
0 0.9567708333333333 0.48009259259259257 0.028125 0.17592592592592593