0 0.46536458333333336 0.8027777777777778 0.051041666666666666 0.24444444444444444
0 0.5716145833333334 0.39166666666666666 0.0390625 0.20185185185185187
0 0.7080729166666667 0.5439814814814815 0.034375 0.18981481481481483
0 0.5270833333333333 0.6453703703703704 0.04583333333333333 0.2037037037037037
0 0.3307291666666667 0.788425925925926 0.04479166666666667 0.19074074074074074
0 0.5158854166666667 0.30925925925925923 0.029166666666666667 0.14907407407407408
0 0.21588541666666666 0.4638888888888889 0.0359375 0.18796296296296297
0 0.89609375 0.2652777777777778 0.036458333333333336 0.1574074074074074
0 0.9356770833333333 0.49166666666666664 0.03854166666666667 0.1935185185185185
0 0.20651041666666667 0.25972222222222224 0.027604166666666666 0.1537037037037037
0 0.8557291666666667 0.2064814814814815 0.024479166666666666 0.14351851851851852
0 0.45859375 0.6787037037037037 0.04479166666666667 0.14444444444444443
0 0.4192708333333333 0.34120370370370373 0.03125 0.18981481481481483
0 0.7346354166666667 0.6657407407407407 0.03229166666666667 0.22037037037037038
0 0.4739583333333333 0.3023148148148148 0.027083333333333334 0.15833333333333333
0 0.22526041666666666 0.32037037037037036 0.030729166666666665 0.1638888888888889
0 0.98828125 0.43472222222222223 0.022916666666666665 0.17962962962962964
0 0.9671875 0.49537037037037035 0.03177083333333333 0.14351851851851852
0 0.7317708333333334 0.6689814814814815 0.0484375 0.22592592592592592
0 0.6546875 0.25092592592592594 0.030729166666666665 0.15
0 0.5497395833333333 0.12731481481481483 0.0296875 0.14722222222222223
0 0.17890625 0.2388888888888889 0.03177083333333333 0.16574074074074074