0 0.5036458333333333 0.8462962962962963 0.0484375 0.2518518518518518
0 0.5609375 0.3421296296296296 0.035416666666666666 0.19537037037037036
0 0.7078125 0.5444444444444444 0.035416666666666666 0.18796296296296297
0 0.45651041666666664 0.7666666666666667 0.04635416666666667 0.21666666666666667
0 0.21848958333333332 0.42777777777777776 0.03802083333333333 0.1814814814814815
0 0.5278645833333333 0.6972222222222222 0.04895833333333333 0.21666666666666667
0 0.5106770833333333 0.2824074074074074 0.026041666666666668 0.1398148148148148
0 0.33098958333333334 0.7902777777777777 0.04375 0.18981481481481483
0 0.9122395833333333 0.4546296296296296 0.042708333333333334 0.18981481481481483
0 0.6359375 0.2652777777777778 0.034375 0.14537037037037037
0 0.47369791666666666 0.275 0.023958333333333335 0.15833333333333333
0 0.51328125 0.0912037037037037 0.029166666666666667 0.1425925925925926
0 0.21276041666666667 0.2777777777777778 0.033854166666666664 0.16203703703703703
0 0.8807291666666667 0.2388888888888889 0.03229166666666667 0.16666666666666666
0 0.9479166666666666 0.45601851851851855 0.03802083333333333 0.17962962962962964
0 0.38567708333333334 0.6805555555555556 0.034375 0.2037037037037037
0 0.7361979166666667 0.6703703703703704 0.0296875 0.21944444444444444
0 0.5473958333333333 0.10601851851851851 0.0265625 0.14074074074074075
0 0.7317708333333334 0.6722222222222223 0.04895833333333333 0.22962962962962963
0 0.41510416666666666 0.350462962962963 0.034895833333333334 0.21388888888888888
0 0.9765625 0.4050925925925926 0.040625 0.17685185185185184
0 0.4734375 0.28888888888888886 0.0203125 0.13148148148148148
0 0.165625 0.19722222222222222 0.043229166666666666 0.16111111111111112
0 0.484375 0.10231481481481482 0.0234375 0.1398148148148148