0 0.5658854166666667 0.35694444444444445 0.041666666666666664 0.1925925925925926
0 0.4934895833333333 0.8398148148148148 0.04114583333333333 0.25462962962962965
0 0.45859375 0.7527777777777778 0.044270833333333336 0.21666666666666667
0 0.21510416666666668 0.44027777777777777 0.04114583333333333 0.17962962962962964
0 0.7078125 0.5458333333333333 0.0359375 0.19074074074074074
0 0.5255208333333333 0.6782407407407407 0.04739583333333333 0.2111111111111111
0 0.92109375 0.4634259259259259 0.03958333333333333 0.1925925925925926
0 0.3307291666666667 0.787962962962963 0.044270833333333336 0.18981481481481483
0 0.5143229166666666 0.2949074074074074 0.028645833333333332 0.14629629629629629
0 0.8830729166666667 0.24351851851851852 0.033854166666666664 0.1648148148148148
0 0.5484375 0.10972222222222222 0.0296875 0.14166666666666666
0 0.640625 0.2638888888888889 0.03125 0.1527777777777778
0 0.47552083333333334 0.2875 0.024479166666666666 0.1574074074074074
0 0.7356770833333334 0.6675925925925926 0.0296875 0.21574074074074073
0 0.5130208333333334 0.09583333333333334 0.028125 0.14444444444444443
0 0.73203125 0.6699074074074074 0.04739583333333333 0.22592592592592592
0 0.9234375 0.23935185185185184 0.026041666666666668 0.14722222222222223
0 0.38619791666666664 0.6814814814814815 0.03802083333333333 0.1935185185185185
0 0.41875 0.3421296296296296 0.034375 0.19444444444444445
0 0.48802083333333335 0.1050925925925926 0.026041666666666668 0.14074074074074075
0 0.95390625 0.4671296296296296 0.030208333333333334 0.17407407407407408