0 0.5640625 0.3458333333333333 0.040625 0.19722222222222222
0 0.49895833333333334 0.8421296296296297 0.04583333333333333 0.2518518518518518
0 0.7078125 0.5453703703703704 0.0359375 0.18888888888888888
0 0.21588541666666666 0.43472222222222223 0.03958333333333333 0.18333333333333332
0 0.45729166666666665 0.7601851851851852 0.0453125 0.21666666666666667
0 0.91640625 0.45555555555555555 0.04114583333333333 0.18333333333333332
0 0.33046875 0.7888888888888889 0.04479166666666667 0.19074074074074074
0 0.5125 0.2875 0.028645833333333332 0.14351851851851852
0 0.5265625 0.6902777777777778 0.04635416666666667 0.2222222222222222
0 0.6377604166666667 0.2652777777777778 0.03229166666666667 0.14907407407407408
0 0.9513020833333333 0.4675925925925926 0.030729166666666665 0.1527777777777778
0 0.88125 0.23935185185185184 0.033854166666666664 0.15833333333333333
0 0.5130208333333334 0.09537037037037037 0.028645833333333332 0.14444444444444443
0 0.54765625 0.10694444444444444 0.029166666666666667 0.14074074074074075
0 0.475 0.28379629629629627 0.022395833333333334 0.15462962962962962
0 0.21588541666666666 0.26435185185185184 0.030729166666666665 0.1685185185185185
0 0.72890625 0.6699074074074074 0.05 0.22962962962962963
0 0.7356770833333334 0.6671296296296296 0.0296875 0.21666666666666667
0 0.2140625 0.24675925925925926 0.034895833333333334 0.22314814814814815
0 0.97890625 0.4078703703703704 0.033854166666666664 0.17777777777777778
0 0.4869791666666667 0.1037037037037037 0.025 0.14166666666666666
0 0.9197916666666667 0.22916666666666666 0.024479166666666666 0.15185185185185185
0 0.3841145833333333 0.6782407407407407 0.036458333333333336 0.19537037037037036
0 0.2520833333333333 0.17916666666666667 0.026041666666666668 0.13333333333333333