0 0.446875 0.8379629629629629 0.049479166666666664 0.22407407407407406
0 0.5377604166666666 0.9027777777777778 0.05520833333333333 0.19444444444444445
0 0.6880208333333333 0.9555555555555556 0.05260416666666667 0.08888888888888889
0 0.22473958333333333 0.39351851851851855 0.0359375 0.17314814814814813
0 0.55078125 0.2824074074074074 0.03802083333333333 0.17962962962962964
0 0.7083333333333334 0.5462962962962963 0.0359375 0.19166666666666668
0 0.5455729166666666 0.7407407407407407 0.04739583333333333 0.20277777777777778
0 0.3307291666666667 0.7893518518518519 0.044270833333333336 0.1925925925925926
0 0.6166666666666667 0.3037037037037037 0.0328125 0.17314814814814813
0 0.8908854166666667 0.4125 0.03958333333333333 0.1824074074074074
0 0.05572916666666667 0.49166666666666664 0.036458333333333336 0.16203703703703703
0 0.9236979166666667 0.41898148148148145 0.029166666666666667 0.1638888888888889
0 0.5005208333333333 0.25462962962962965 0.024479166666666666 0.14351851851851852
0 0.3984375 0.6699074074074074 0.040625 0.2037037037037037
0 0.4354166666666667 0.39305555555555555 0.0328125 0.17407407407407408
0 0.41692708333333334 0.3351851851851852 0.0296875 0.1824074074074074
0 0.9572916666666667 0.35833333333333334 0.0328125 0.1712962962962963
0 0.87109375 0.20092592592592592 0.030208333333333334 0.16203703703703703
0 0.47265625 0.2490740740740741 0.025520833333333333 0.14722222222222223
0 0.5130208333333334 0.06944444444444445 0.028125 0.13518518518518519
0 0.9111979166666667 0.28888888888888886 0.03333333333333333 0.13240740740740742
0 0.15859375 0.17916666666666667 0.036458333333333336 0.1962962962962963
0 0.7359375 0.6675925925925926 0.0296875 0.21481481481481482
0 0.7325520833333333 0.6717592592592593 0.04895833333333333 0.225
0 0.5416666666666666 0.07453703703703704 0.027083333333333334 0.1398148148148148