0 0.5315104166666667 0.8893518518518518 0.04895833333333333 0.2212962962962963
0 0.44921875 0.825462962962963 0.04739583333333333 0.22592592592592592
0 0.5528645833333333 0.29398148148148145 0.0375 0.18611111111111112
0 0.5416666666666666 0.7236111111111111 0.0453125 0.20185185185185187
0 0.7083333333333334 0.5458333333333333 0.0359375 0.19074074074074074
0 0.21927083333333333 0.4027777777777778 0.03697916666666667 0.18055555555555555
0 0.6916666666666667 0.9611111111111111 0.04479166666666667 0.07777777777777778
0 0.33098958333333334 0.7898148148148149 0.04375 0.19074074074074074
0 0.8986979166666667 0.4185185185185185 0.040625 0.1824074074074074
0 0.3924479166666667 0.675 0.0421875 0.21666666666666667
0 0.434375 0.39490740740740743 0.0328125 0.175
0 0.50234375 0.262037037037037 0.023958333333333335 0.14074074074074075
0 0.8723958333333334 0.20185185185185187 0.03177083333333333 0.16111111111111112
0 0.6234375 0.29444444444444445 0.034375 0.16666666666666666
0 0.9309895833333334 0.42916666666666664 0.03333333333333333 0.16203703703703703
0 0.5111979166666667 0.0712962962962963 0.0296875 0.13703703703703704
0 0.9234375 0.29305555555555557 0.030208333333333334 0.11481481481481481
0 0.05703125 0.487962962962963 0.034375 0.16203703703703703
0 0.47421875 0.25787037037037036 0.027083333333333334 0.15092592592592594
0 0.9635416666666666 0.37037037037037035 0.034375 0.1638888888888889
0 0.4171875 0.3365740740740741 0.03125 0.18703703703703703
0 0.21041666666666667 0.25277777777777777 0.030729166666666665 0.14907407407407408
0 0.5432291666666667 0.07777777777777778 0.028125 0.14074074074074075
0 0.9072916666666667 0.20185185185185187 0.023958333333333335 0.15185185185185185
0 0.73515625 0.6680555555555555 0.028125 0.21944444444444444
0 0.7315104166666667 0.6699074074074074 0.04895833333333333 0.2324074074074074