0 0.56484375 0.3453703703703704 0.041666666666666664 0.1935185185185185
0 0.49713541666666666 0.8416666666666667 0.04479166666666667 0.25277777777777777
0 0.7078125 0.5444444444444444 0.036458333333333336 0.18981481481481483
0 0.9177083333333333 0.45601851851851855 0.041666666666666664 0.18518518518518517
0 0.21536458333333333 0.43657407407407406 0.03802083333333333 0.1824074074074074
0 0.5122395833333333 0.28935185185185186 0.027604166666666666 0.14166666666666666
0 0.45755208333333336 0.7620370370370371 0.044270833333333336 0.22037037037037038
0 0.3307291666666667 0.787962962962963 0.04479166666666667 0.18888888888888888
0 0.5265625 0.6893518518518519 0.04583333333333333 0.22314814814814815
0 0.9518229166666666 0.4703703703703704 0.03125 0.15648148148148147
0 0.63828125 0.2657407407407407 0.03125 0.14722222222222223
0 0.8815104166666666 0.23564814814814813 0.03333333333333333 0.16111111111111112
0 0.475 0.28425925925925927 0.0234375 0.15925925925925927
0 0.5481770833333334 0.10648148148148148 0.028125 0.14074074074074075
0 0.5122395833333333 0.09490740740740741 0.0296875 0.14537037037037037
0 0.73515625 0.6652777777777777 0.0296875 0.2101851851851852
0 0.7294270833333333 0.6699074074074074 0.04895833333333333 0.225
0 0.21640625 0.2689814814814815 0.030729166666666665 0.15648148148148147
0 0.9203125 0.2273148148148148 0.025520833333333333 0.14722222222222223
0 0.21458333333333332 0.25416666666666665 0.035416666666666666 0.19814814814814816
0 0.48723958333333334 0.10277777777777777 0.0234375 0.14166666666666666
0 0.8442708333333333 0.18888888888888888 0.022916666666666665 0.14166666666666666