0 0.5736979166666667 0.4050925925925926 0.041666666666666664 0.2
0 0.7083333333333334 0.5435185185185185 0.035416666666666666 0.19074074074074074
0 0.5236979166666667 0.6393518518518518 0.041666666666666664 0.20833333333333334
0 0.21536458333333333 0.46944444444444444 0.03958333333333333 0.18333333333333332
0 0.9401041666666666 0.5018518518518519 0.0453125 0.19537037037037036
0 0.33125 0.788425925925926 0.042708333333333334 0.18796296296296297
0 0.9013020833333333 0.26435185185185184 0.030729166666666665 0.1425925925925926
0 0.5166666666666667 0.32222222222222224 0.030208333333333334 0.15185185185185185
0 0.4192708333333333 0.3425925925925926 0.03229166666666667 0.18796296296296297
0 0.45598958333333334 0.749537037037037 0.0453125 0.30833333333333335
0 0.859375 0.2162037037037037 0.026041666666666668 0.1425925925925926
0 0.20625 0.26990740740740743 0.025520833333333333 0.14814814814814814
0 0.9377604166666667 0.274537037037037 0.027083333333333334 0.1638888888888889
0 0.22734375 0.325 0.035416666666666666 0.17407407407407408
0 0.37604166666666666 0.4009259259259259 0.0390625 0.18425925925925926
0 0.66171875 0.2462962962962963 0.0328125 0.15462962962962962
0 0.7338541666666667 0.6657407407407407 0.033854166666666664 0.21666666666666667
0 0.7291666666666666 0.6680555555555555 0.05 0.22777777777777777
0 0.475 0.3125 0.024479166666666666 0.16296296296296298
0 0.18489583333333334 0.20601851851851852 0.0375 0.2324074074074074
0 0.4973958333333333 0.12638888888888888 0.028125 0.14907407407407408