0 0.5739583333333333 0.4064814814814815 0.04114583333333333 0.19722222222222222
0 0.70859375 0.5453703703703704 0.035416666666666666 0.19537037037037036
0 0.21510416666666668 0.4736111111111111 0.04114583333333333 0.19166666666666668
0 0.940625 0.5074074074074074 0.044270833333333336 0.2
0 0.5229166666666667 0.637962962962963 0.041666666666666664 0.20555555555555555
0 0.9026041666666667 0.26851851851851855 0.03177083333333333 0.14907407407407408
0 0.33151041666666664 0.788425925925926 0.0421875 0.19074074074074074
0 0.8598958333333333 0.21666666666666667 0.0265625 0.14537037037037037
0 0.41953125 0.34305555555555556 0.03177083333333333 0.18611111111111112
0 0.5169270833333334 0.32314814814814813 0.0296875 0.15185185185185185
0 0.45546875 0.7569444444444444 0.0453125 0.2916666666666667
0 0.22734375 0.32592592592592595 0.034375 0.175
0 0.20598958333333334 0.2712962962962963 0.023958333333333335 0.14814814814814814
0 0.93828125 0.2759259259259259 0.0265625 0.1638888888888889
0 0.6622395833333333 0.24351851851851852 0.03229166666666667 0.16111111111111112
0 0.7346354166666667 0.663425925925926 0.0328125 0.21296296296296297
0 0.7291666666666666 0.6657407407407407 0.049479166666666664 0.2212962962962963
0 0.4739583333333333 0.31296296296296294 0.027604166666666666 0.15833333333333333