0 0.5684895833333333 0.3814814814814815 0.042708333333333334 0.2
0 0.47421875 0.8097222222222222 0.057291666666666664 0.26296296296296295
0 0.7083333333333334 0.5439814814814815 0.035416666666666666 0.18981481481481483
0 0.9294270833333333 0.47962962962962963 0.042708333333333334 0.18425925925925926
0 0.3307291666666667 0.7888888888888889 0.044270833333333336 0.18981481481481483
0 0.8916666666666667 0.2550925925925926 0.034895833333333334 0.1685185185185185
0 0.52421875 0.6620370370370371 0.041666666666666664 0.2101851851851852
0 0.21380208333333334 0.45787037037037037 0.04010416666666667 0.18796296296296297
0 0.5153645833333333 0.3074074074074074 0.0265625 0.14814814814814814
0 0.41848958333333336 0.3425925925925926 0.0328125 0.18981481481481483
0 0.6497395833333334 0.25462962962962965 0.030729166666666665 0.14629629629629629
0 0.984375 0.43287037037037035 0.030729166666666665 0.1962962962962963
0 0.46171875 0.6944444444444444 0.042708333333333334 0.15
0 0.55 0.1175925925925926 0.030208333333333334 0.14351851851851852
0 0.4747395833333333 0.3050925925925926 0.025520833333333333 0.15
0 0.9625 0.4875 0.03177083333333333 0.14722222222222223
0 0.8520833333333333 0.19907407407407407 0.0265625 0.14074074074074075
0 0.7354166666666667 0.6643518518518519 0.030208333333333334 0.21296296296296297
0 0.7322916666666667 0.6699074074074074 0.046875 0.22870370370370371
0 0.5153645833333333 0.11342592592592593 0.025520833333333333 0.1361111111111111
0 0.22395833333333334 0.3143518518518518 0.0328125 0.15092592592592594