0 0.540625 0.9074074074074074 0.057291666666666664 0.18518518518518517
0 0.4484375 0.8550925925925926 0.050520833333333334 0.2388888888888889
0 0.6875 0.9537037037037037 0.05364583333333333 0.09259259259259259
0 0.5473958333333333 0.75 0.04791666666666667 0.21388888888888888
0 0.7080729166666667 0.5444444444444444 0.034895833333333334 0.18796296296296297
0 0.55 0.2763888888888889 0.03697916666666667 0.18611111111111112
0 0.22552083333333334 0.39166666666666666 0.03854166666666667 0.17962962962962964
0 0.8877604166666667 0.40879629629629627 0.0359375 0.18333333333333332
0 0.6151041666666667 0.3050925925925926 0.03125 0.1712962962962963
0 0.4354166666666667 0.39166666666666666 0.03333333333333333 0.17962962962962964
0 0.5002604166666667 0.2513888888888889 0.023958333333333335 0.14074074074074075
0 0.3307291666666667 0.7912037037037037 0.044270833333333336 0.1935185185185185
0 0.92265625 0.41805555555555557 0.029166666666666667 0.16666666666666666
0 0.39869791666666665 0.6736111111111112 0.03958333333333333 0.21203703703703702
0 0.8708333333333333 0.1962962962962963 0.03125 0.1675925925925926
0 0.41692708333333334 0.3337962962962963 0.029166666666666667 0.18055555555555555
0 0.9549479166666667 0.35648148148148145 0.034895833333333334 0.17407407407407408
0 0.9091145833333333 0.28194444444444444 0.0328125 0.1425925925925926
0 0.47265625 0.24861111111111112 0.025 0.14907407407407408
0 0.5135416666666667 0.06574074074074074 0.0296875 0.13148148148148148
0 0.54140625 0.07361111111111111 0.029166666666666667 0.14166666666666666
0 0.7369791666666666 0.6736111111111112 0.027604166666666666 0.22037037037037038
0 0.48098958333333336 0.07083333333333333 0.022916666666666665 0.14166666666666666
0 0.05859375 0.4962962962962963 0.03229166666666667 0.1675925925925926
0 0.7309895833333333 0.6717592592592593 0.05 0.22870370370370371