0 0.8723958333333334 0.2310185185185185 0.0296875 0.13796296296296295
0 0.7078125 0.5435185185185185 0.0359375 0.18981481481481483
0 0.5776041666666667 0.44583333333333336 0.04114583333333333 0.20185185185185187
0 0.5216145833333333 0.6018518518518519 0.0421875 0.20185185185185187
0 0.42734375 0.7611111111111111 0.05677083333333333 0.23333333333333334
0 0.5140625 0.3425925925925926 0.028645833333333332 0.15185185185185185
0 0.9234375 0.2935185185185185 0.035416666666666666 0.1675925925925926
0 0.3307291666666667 0.787962962962963 0.04375 0.18981481481481483
0 0.2265625 0.49953703703703706 0.03802083333333333 0.18425925925925926
0 0.23020833333333332 0.34814814814814815 0.03697916666666667 0.15092592592592594
0 0.41848958333333336 0.3402777777777778 0.03333333333333333 0.18888888888888888
0 0.47369791666666666 0.33287037037037037 0.027083333333333334 0.1685185185185185
0 0.44557291666666665 0.6587962962962963 0.041666666666666664 0.20833333333333334
0 0.95390625 0.5328703703703703 0.04114583333333333 0.18055555555555555
0 0.734375 0.6625 0.03177083333333333 0.2101851851851852
0 0.7291666666666666 0.6648148148148149 0.0484375 0.21851851851851853
0 0.98515625 0.5393518518518519 0.028645833333333332 0.16018518518518518
0 0.9854166666666667 0.5185185185185185 0.028645833333333332 0.11203703703703703