0 0.8888020833333333 0.25462962962962965 0.029166666666666667 0.14166666666666666
0 0.58984375 0.5027777777777778 0.042708333333333334 0.20833333333333334
0 0.7072916666666667 0.5439814814814815 0.0390625 0.19166666666666668
0 0.440625 0.6134259259259259 0.04010416666666667 0.20462962962962963
0 0.5234375 0.5652777777777778 0.044270833333333336 0.1962962962962963
0 0.5091145833333334 0.3699074074074074 0.030729166666666665 0.15555555555555556
0 0.24036458333333333 0.5314814814814814 0.0390625 0.18518518518518517
0 0.33046875 0.7907407407407407 0.04479166666666667 0.19166666666666668
0 0.9427083333333334 0.32592592592592595 0.035416666666666666 0.17037037037037037
0 0.3880208333333333 0.737037037037037 0.04739583333333333 0.23425925925925925
0 0.5208333333333334 0.16064814814814815 0.027083333333333334 0.15092592592592594
0 0.8432291666666667 0.08101851851851852 0.023958333333333335 0.12129629629629629
0 0.13958333333333334 0.3125 0.03854166666666667 0.16944444444444445
0 0.23177083333333334 0.39166666666666666 0.034895833333333334 0.14537037037037037
0 0.49166666666666664 0.1675925925925926 0.028125 0.15
0 0.41770833333333335 0.3398148148148148 0.03177083333333333 0.18981481481481483
0 0.47734375 0.38472222222222224 0.0265625 0.12962962962962962
0 0.7291666666666666 0.6699074074074074 0.04895833333333333 0.22685185185185186
0 0.73515625 0.6671296296296296 0.03229166666666667 0.21944444444444444
0 0.9731770833333333 0.5217592592592593 0.04635416666666667 0.09166666666666666
0 0.9755208333333333 0.32685185185185184 0.036458333333333336 0.1712962962962963
0 0.2078125 0.31203703703703706 0.025 0.16203703703703703
0 0.10911458333333333 0.32083333333333336 0.0328125 0.14907407407407408