0 0.5934895833333333 0.5185185185185185 0.04375 0.21388888888888888
0 0.43854166666666666 0.6041666666666666 0.04114583333333333 0.20462962962962963
0 0.7072916666666667 0.5444444444444444 0.04010416666666667 0.19444444444444445
0 0.5265625 0.5555555555555556 0.03958333333333333 0.19814814814814816
0 0.8901041666666667 0.2671296296296296 0.029166666666666667 0.14629629629629629
0 0.2453125 0.5407407407407407 0.040625 0.19166666666666668
0 0.5106770833333333 0.38101851851851853 0.030729166666666665 0.1527777777777778
0 0.33046875 0.7907407407407407 0.04479166666666667 0.1925925925925926
0 0.23177083333333334 0.39814814814814814 0.034375 0.15555555555555556
0 0.84453125 0.0837962962962963 0.023958333333333335 0.12129629629629629
0 0.9473958333333333 0.33240740740740743 0.03333333333333333 0.15648148148148147
0 0.21302083333333333 0.31157407407407406 0.0359375 0.1648148148148148
0 0.41744791666666664 0.3402777777777778 0.03229166666666667 0.18888888888888888
0 0.5223958333333333 0.16342592592592592 0.028125 0.14537037037037037
0 0.47578125 0.37592592592592594 0.0296875 0.1675925925925926
0 0.7338541666666667 0.6638888888888889 0.036458333333333336 0.2111111111111111
0 0.7302083333333333 0.6675925925925926 0.0515625 0.22037037037037038
0 0.48984375 0.1736111111111111 0.0265625 0.14722222222222223
0 0.39895833333333336 0.10925925925925926 0.028645833333333332 0.15