0 0.4395833333333333 0.5810185185185185 0.04010416666666667 0.20185185185185187
0 0.6013020833333333 0.5509259259259259 0.04375 0.22037037037037038
0 0.24635416666666668 0.5625 0.05572916666666667 0.19722222222222222
0 0.7080729166666667 0.5425925925925926 0.03802083333333333 0.19444444444444445
0 0.5286458333333334 0.5328703703703703 0.043229166666666666 0.1925925925925926
0 0.8966145833333333 0.27685185185185185 0.028125 0.13796296296296295
0 0.9544270833333334 0.35509259259259257 0.036458333333333336 0.17037037037037037
0 0.5236979166666667 0.17685185185185184 0.028645833333333332 0.15555555555555556
0 0.5119791666666667 0.39675925925925926 0.03125 0.1537037037037037
0 0.85546875 0.3680555555555556 0.03229166666666667 0.15
0 0.41796875 0.34074074074074073 0.03229166666666667 0.18981481481481483
0 0.49140625 0.18703703703703703 0.027083333333333334 0.15185185185185185
0 0.7421875 0.20694444444444443 0.027604166666666666 0.15092592592592594
0 0.23125 0.41898148148148145 0.04010416666666667 0.17314814814814813
0 0.47317708333333336 0.38981481481481484 0.03177083333333333 0.17407407407407408
0 0.3302083333333333 0.7902777777777777 0.04375 0.18888888888888888
0 0.7341145833333333 0.6648148148148149 0.033854166666666664 0.2175925925925926
0 0.18359375 0.1986111111111111 0.03125 0.16203703703703703
0 0.8526041666666667 0.09166666666666666 0.0234375 0.11944444444444445
0 0.7302083333333333 0.6680555555555555 0.05 0.22592592592592592
0 0.8854166666666666 0.08981481481481482 0.0234375 0.13333333333333333
0 0.12213541666666666 0.350462962962963 0.05416666666666667 0.18055555555555555
0 0.21822916666666667 0.2013888888888889 0.022916666666666665 0.13703703703703704
0 0.18619791666666666 0.1875 0.03854166666666667 0.18888888888888888