0 0.6109375 0.5782407407407407 0.04479166666666667 0.225
0 0.7080729166666667 0.5416666666666666 0.0375 0.1935185185185185
0 0.4393229166666667 0.562037037037037 0.0390625 0.1935185185185185
0 0.90546875 0.28935185185185186 0.030208333333333334 0.14166666666666666
0 0.5403645833333334 0.5175925925925926 0.042708333333333334 0.19166666666666668
0 0.2513020833333333 0.5824074074074074 0.0421875 0.20833333333333334
0 0.9609375 0.37175925925925923 0.03802083333333333 0.17962962962962964
0 0.5286458333333334 0.18703703703703703 0.030208333333333334 0.1537037037037037
0 0.8640625 0.38935185185185184 0.029166666666666667 0.1527777777777778
0 0.22994791666666667 0.44166666666666665 0.03802083333333333 0.16666666666666666
0 0.48984375 0.19768518518518519 0.0265625 0.15555555555555556
0 0.7549479166666667 0.2 0.028645833333333332 0.1574074074074074
0 0.5104166666666666 0.412962962962963 0.03229166666666667 0.15833333333333333
0 0.41770833333333335 0.34074074074074073 0.03229166666666667 0.18981481481481483
0 0.1109375 0.3726851851851852 0.040625 0.18425925925925926
0 0.47161458333333334 0.40370370370370373 0.03177083333333333 0.1787037037037037
0 0.7356770833333334 0.6643518518518519 0.029166666666666667 0.21574074074074073
0 0.21458333333333332 0.33796296296296297 0.028125 0.16111111111111112
0 0.3307291666666667 0.7865740740740741 0.04375 0.19537037037037036
0 0.2557291666666667 0.18935185185185185 0.03125 0.18333333333333332
0 0.153125 0.2851851851851852 0.03697916666666667 0.13703703703703704
0 0.38307291666666665 0.7078703703703704 0.03802083333333333 0.2074074074074074