0 0.5747395833333333 0.4324074074074074 0.040625 0.19722222222222222
0 0.7075520833333333 0.5439814814814815 0.034895833333333334 0.19074074074074074
0 0.4322916666666667 0.763425925925926 0.0515625 0.2388888888888889
0 0.5208333333333334 0.6157407407407407 0.042708333333333334 0.21203703703703702
0 0.5151041666666667 0.33935185185185185 0.0296875 0.1537037037037037
0 0.9458333333333333 0.5273148148148148 0.044270833333333336 0.18888888888888888
0 0.9184895833333333 0.287962962962963 0.034895833333333334 0.1638888888888889
0 0.22213541666666667 0.48842592592592593 0.03854166666666667 0.18425925925925926
0 0.23203125 0.3472222222222222 0.03802083333333333 0.175
0 0.3307291666666667 0.7898148148148149 0.043229166666666666 0.18888888888888888
0 0.41822916666666665 0.3416666666666667 0.0328125 0.18611111111111112
0 0.4734375 0.3300925925925926 0.028645833333333332 0.1675925925925926
0 0.8682291666666667 0.22777777777777777 0.028125 0.14074074074074075
0 0.4505208333333333 0.6662037037037037 0.040625 0.20185185185185187
0 0.5513020833333333 0.1388888888888889 0.03333333333333333 0.14907407407407408
0 0.9481770833333333 0.28055555555555556 0.029166666666666667 0.14907407407407408
0 0.45 0.6342592592592593 0.04010416666666667 0.13796296296296295
0 0.2078125 0.28425925925925927 0.023958333333333335 0.15833333333333333
0 0.73515625 0.662962962962963 0.0296875 0.21296296296296297
0 0.47317708333333336 0.3486111111111111 0.025 0.13240740740740742