0 0.43359375 0.538425925925926 0.040625 0.18888888888888888
0 0.61796875 0.6208333333333333 0.04791666666666667 0.22962962962962963
0 0.7078125 0.5435185185185185 0.036458333333333336 0.19074074074074074
0 0.5497395833333333 0.49675925925925923 0.03854166666666667 0.18703703703703703
0 0.5072916666666667 0.43287037037037035 0.03229166666666667 0.16203703703703703
0 0.24296875 0.6060185185185185 0.053125 0.2037037037037037
0 0.9229166666666667 0.30648148148148147 0.027083333333333334 0.14722222222222223
0 0.8734375 0.4152777777777778 0.0328125 0.15555555555555556
0 0.7645833333333333 0.18518518518518517 0.028645833333333332 0.1527777777777778
0 0.9713541666666666 0.39537037037037037 0.03854166666666667 0.17222222222222222
0 0.39166666666666666 0.712037037037037 0.04375 0.2111111111111111
0 0.09739583333333333 0.3921296296296296 0.049479166666666664 0.18703703703703703
0 0.53125 0.2050925925925926 0.029166666666666667 0.16018518518518518
0 0.4739583333333333 0.4263888888888889 0.030208333333333334 0.17592592592592593
0 0.41770833333333335 0.34074074074074073 0.0328125 0.19074074074074074
0 0.49140625 0.2101851851851852 0.0265625 0.15648148148148147
0 0.73515625 0.662962962962963 0.029166666666666667 0.22592592592592592
0 0.22994791666666667 0.43472222222222223 0.040625 0.12314814814814815
0 0.33046875 0.7898148148148149 0.04375 0.19074074074074074
0 0.21953125 0.22777777777777777 0.026041666666666668 0.1425925925925926
0 0.165625 0.27037037037037037 0.0296875 0.14166666666666666
0 0.73125 0.6643518518518519 0.04635416666666667 0.23148148148148148
0 0.2171875 0.3537037037037037 0.04895833333333333 0.17314814814814813
0 0.5700520833333333 0.2199074074074074 0.03125 0.14629629629629629
0 0.23020833333333332 0.45740740740740743 0.0421875 0.16666666666666666
0 0.25833333333333336 0.20462962962962963 0.030729166666666665 0.18425925925925926