0 0.5841145833333333 0.48009259259259257 0.043229166666666666 0.2074074074074074
0 0.43802083333333336 0.6226851851851852 0.042708333333333334 0.2
0 0.7075520833333333 0.5449074074074074 0.0359375 0.18611111111111112
0 0.5182291666666666 0.5736111111111111 0.043229166666666666 0.19444444444444445
0 0.5109375 0.36527777777777776 0.03177083333333333 0.1527777777777778
0 0.33046875 0.7902777777777777 0.0453125 0.1925925925925926
0 0.9356770833333333 0.3189814814814815 0.03333333333333333 0.16666666666666666
0 0.39791666666666664 0.7407407407407407 0.0453125 0.22962962962962963
0 0.23359375 0.5222222222222223 0.04375 0.18796296296296297
0 0.8838541666666667 0.2490740740740741 0.027604166666666666 0.14074074074074075
0 0.146875 0.30833333333333335 0.0390625 0.17407407407407408
0 0.9666666666666667 0.5662037037037037 0.0390625 0.19907407407407407
0 0.41822916666666665 0.34074074074074073 0.0328125 0.18888888888888888
0 0.5565104166666667 0.16296296296296298 0.03125 0.14814814814814814
0 0.47734375 0.3560185185185185 0.028125 0.1675925925925926
0 0.5182291666666666 0.15138888888888888 0.0265625 0.14537037037037037
0 0.9669270833333333 0.32222222222222224 0.0390625 0.1787037037037037
0 0.734375 0.6657407407407407 0.034895833333333334 0.21574074074074073
0 0.73046875 0.6685185185185185 0.05 0.22314814814814815
0 0.84140625 0.07222222222222222 0.022395833333333334 0.12222222222222222
0 0.21067708333333332 0.3023148148148148 0.03125 0.16574074074074074
0 0.49296875 0.1625 0.027604166666666666 0.14814814814814814
0 0.234375 0.37175925925925923 0.034895833333333334 0.16018518518518518
0 0.10598958333333333 0.33240740740740743 0.03125 0.15833333333333333