0 0.6114583333333333 0.5888888888888889 0.0453125 0.225
0 0.54140625 0.5157407407407407 0.04010416666666667 0.19444444444444445
0 0.43802083333333336 0.5574074074074075 0.03854166666666667 0.1925925925925926
0 0.7078125 0.5416666666666666 0.0375 0.1925925925925926
0 0.9078125 0.29305555555555557 0.03229166666666667 0.14166666666666666
0 0.24791666666666667 0.5842592592592593 0.0359375 0.20462962962962963
0 0.9619791666666667 0.37407407407407406 0.04114583333333333 0.17685185185185184
0 0.10963541666666667 0.3712962962962963 0.040625 0.18611111111111112
0 0.7565104166666666 0.19675925925925927 0.030208333333333334 0.15555555555555556
0 0.8645833333333334 0.3925925925925926 0.028125 0.15185185185185185
0 0.4903645833333333 0.20046296296296295 0.027083333333333334 0.15555555555555556
0 0.5291666666666667 0.1884259259259259 0.028645833333333332 0.15
0 0.22916666666666666 0.4351851851851852 0.03854166666666667 0.1527777777777778
0 0.41770833333333335 0.34120370370370373 0.03177083333333333 0.18981481481481483
0 0.33125 0.7842592592592592 0.0453125 0.2111111111111111
0 0.51015625 0.4152777777777778 0.03177083333333333 0.16018518518518518
0 0.7359375 0.6652777777777777 0.030208333333333334 0.21944444444444444
0 0.2552083333333333 0.5851851851851851 0.03697916666666667 0.18796296296296297
0 0.21484375 0.3416666666666667 0.027604166666666666 0.16666666666666666
0 0.5677083333333334 0.20787037037037037 0.03177083333333333 0.14722222222222223
0 0.3848958333333333 0.7060185185185185 0.03697916666666667 0.2
0 0.47369791666666666 0.41805555555555557 0.027083333333333334 0.14722222222222223
0 0.18385416666666668 0.2 0.029166666666666667 0.15925925925925927