0 0.5953125 0.5300925925925926 0.042708333333333334 0.21944444444444444
0 0.43802083333333336 0.5925925925925926 0.041666666666666664 0.19444444444444445
0 0.7078125 0.5425925925925926 0.0375 0.19166666666666668
0 0.52734375 0.5541666666666667 0.0421875 0.20092592592592592
0 0.5125 0.38333333333333336 0.03125 0.1527777777777778
0 0.33046875 0.7912037037037037 0.04479166666666667 0.1925925925925926
0 0.8916666666666667 0.26805555555555555 0.027604166666666666 0.14074074074074075
0 0.24348958333333334 0.5458333333333333 0.0390625 0.19166666666666668
0 0.47682291666666665 0.37824074074074077 0.030729166666666665 0.17777777777777778
0 0.94765625 0.33796296296296297 0.034375 0.16203703703703703
0 0.8473958333333333 0.08796296296296297 0.025520833333333333 0.12314814814814815
0 0.41744791666666664 0.3416666666666667 0.03229166666666667 0.18888888888888888
0 0.5231770833333333 0.16898148148148148 0.028125 0.15092592592592594
0 0.8440104166666667 0.3523148148148148 0.0265625 0.14722222222222223
0 0.4901041666666667 0.17824074074074073 0.027083333333333334 0.15092592592592594
0 0.21223958333333334 0.3143518518518518 0.03229166666666667 0.15555555555555556
0 0.7296875 0.6712962962962963 0.051041666666666666 0.22592592592592592
0 0.7338541666666667 0.6671296296296296 0.036458333333333336 0.21574074074074073
0 0.3997395833333333 0.11157407407407408 0.028125 0.14166666666666666
0 0.23125 0.3902777777777778 0.03229166666666667 0.13518518518518519
0 0.9755208333333333 0.5930555555555556 0.04635416666666667 0.1925925925925926