0 0.4393229166666667 0.5745370370370371 0.03958333333333333 0.19537037037037036
0 0.6028645833333334 0.5550925925925926 0.04375 0.21296296296296297
0 0.5299479166666666 0.5310185185185186 0.042708333333333334 0.19166666666666668
0 0.7075520833333333 0.5425925925925926 0.03854166666666667 0.19722222222222222
0 0.24739583333333334 0.5638888888888889 0.053125 0.19537037037037036
0 0.5111979166666667 0.39814814814814814 0.030208333333333334 0.15462962962962962
0 0.89765625 0.2800925925925926 0.029166666666666667 0.14166666666666666
0 0.5239583333333333 0.17685185185185184 0.028125 0.1574074074074074
0 0.23177083333333334 0.42592592592592593 0.0375 0.1638888888888889
0 0.33046875 0.7888888888888889 0.04375 0.18888888888888888
0 0.41796875 0.3402777777777778 0.0328125 0.19074074074074074
0 0.9533854166666667 0.3574074074074074 0.034375 0.16018518518518518
0 0.7447916666666666 0.20277777777777778 0.029166666666666667 0.15092592592592594
0 0.11875 0.350462962962963 0.050520833333333334 0.18425925925925926
0 0.8575520833333333 0.3736111111111111 0.03333333333333333 0.14907407407407408
0 0.47317708333333336 0.3939814814814815 0.0296875 0.1712962962962963
0 0.4908854166666667 0.18703703703703703 0.027083333333333334 0.15
0 0.7354166666666667 0.663425925925926 0.03177083333333333 0.21481481481481482
0 0.18489583333333334 0.19583333333333333 0.0328125 0.16666666666666666
0 0.7302083333333333 0.6666666666666666 0.04895833333333333 0.22407407407407406
0 0.8533854166666667 0.09583333333333334 0.025520833333333333 0.11574074074074074
0 0.21901041666666668 0.20462962962962963 0.022916666666666665 0.1398148148148148
0 0.2421875 0.5652777777777778 0.04114583333333333 0.17592592592592593
0 0.8848958333333333 0.08981481481481482 0.021875 0.13055555555555556
0 0.24713541666666666 0.18287037037037038 0.03854166666666667 0.1648148148148148