0 0.5950520833333334 0.5273148148148148 0.042708333333333334 0.21666666666666667
0 0.43802083333333336 0.5939814814814814 0.041666666666666664 0.1935185185185185
0 0.7078125 0.5416666666666666 0.03802083333333333 0.19074074074074074
0 0.5278645833333333 0.5550925925925926 0.042708333333333334 0.20185185185185187
0 0.5122395833333333 0.3824074074074074 0.030729166666666665 0.1527777777777778
0 0.33046875 0.7907407407407407 0.04479166666666667 0.1925925925925926
0 0.8911458333333333 0.26805555555555555 0.027604166666666666 0.1398148148148148
0 0.24401041666666667 0.5435185185185185 0.0390625 0.1935185185185185
0 0.8466145833333333 0.08703703703703704 0.024479166666666666 0.12314814814814815
0 0.946875 0.33796296296296297 0.034895833333333334 0.16111111111111112
0 0.47630208333333335 0.3787037037037037 0.033854166666666664 0.17314814814814813
0 0.5229166666666667 0.16666666666666666 0.028645833333333332 0.14814814814814814
0 0.41822916666666665 0.3416666666666667 0.03229166666666667 0.18981481481481483
0 0.2140625 0.31203703703703706 0.0359375 0.16018518518518518
0 0.23125 0.3958333333333333 0.03177083333333333 0.13703703703703704
0 0.7302083333333333 0.6694444444444444 0.05260416666666667 0.22407407407407406
0 0.48984375 0.17777777777777778 0.0265625 0.15
0 0.8434895833333333 0.34953703703703703 0.027083333333333334 0.14814814814814814
0 0.5614583333333333 0.18194444444444444 0.027604166666666666 0.14444444444444443
0 0.39869791666666665 0.11296296296296296 0.028645833333333332 0.14629629629629629
0 0.97421875 0.5907407407407408 0.05 0.19537037037037036
0 0.8895833333333333 0.09537037037037037 0.025520833333333333 0.13055555555555556