0 0.24375 0.5592592592592592 0.05416666666666667 0.19907407407407407
0 0.4393229166666667 0.5893518518518519 0.040625 0.19907407407407407
0 0.5971354166666667 0.537962962962963 0.04479166666666667 0.21944444444444444
0 0.7080729166666667 0.5421296296296296 0.03854166666666667 0.1925925925925926
0 0.5286458333333334 0.5393518518518519 0.04375 0.19444444444444445
0 0.3302083333333333 0.788425925925926 0.0453125 0.19444444444444445
0 0.5127604166666667 0.3902777777777778 0.030729166666666665 0.1537037037037037
0 0.8942708333333333 0.26990740740740743 0.024479166666666666 0.14074074074074075
0 0.5236979166666667 0.17407407407407408 0.029166666666666667 0.1574074074074074
0 0.95078125 0.3486111111111111 0.035416666666666666 0.17314814814814813
0 0.84921875 0.36203703703703705 0.03333333333333333 0.15185185185185185
0 0.49192708333333335 0.17962962962962964 0.0265625 0.1527777777777778
0 0.23333333333333334 0.4078703703703704 0.03697916666666667 0.15185185185185185
0 0.9763020833333333 0.5967592592592592 0.0453125 0.18703703703703703
0 0.41796875 0.3402777777777778 0.03229166666666667 0.19074074074074074
0 0.7375 0.2101851851851852 0.035416666666666666 0.1527777777777778
0 0.121875 0.3388888888888889 0.043229166666666666 0.1925925925925926
0 0.475 0.3824074074074074 0.0296875 0.1712962962962963
0 0.73515625 0.6662037037037037 0.033854166666666664 0.2212962962962963
0 0.47552083333333334 0.40370370370370373 0.027604166666666666 0.12685185185185185
0 0.73046875 0.6699074074074074 0.05 0.22962962962962963
0 0.85 0.09305555555555556 0.023958333333333335 0.12407407407407407
0 0.21744791666666666 0.20185185185185187 0.0234375 0.14166666666666666