0 0.58125 0.475 0.0421875 0.2074074074074074
0 0.5127604166666667 0.35833333333333334 0.03125 0.1527777777777778
0 0.5184895833333333 0.5791666666666667 0.0421875 0.2
0 0.7083333333333334 0.5449074074074074 0.034375 0.18888888888888888
0 0.43854166666666666 0.6407407407407407 0.04479166666666667 0.21481481481481482
0 0.33098958333333334 0.7912037037037037 0.044270833333333336 0.19537037037037036
0 0.23046875 0.5217592592592593 0.046875 0.1925925925925926
0 0.93203125 0.3125 0.034375 0.1638888888888889
0 0.4049479166666667 0.7425925925925926 0.044270833333333336 0.23333333333333334
0 0.88046875 0.2439814814814815 0.025 0.1398148148148148
0 0.1515625 0.2953703703703704 0.0375 0.17592592592592593
0 0.23125 0.37222222222222223 0.034375 0.1675925925925926
0 0.83984375 0.06898148148148148 0.021875 0.11944444444444445
0 0.41822916666666665 0.34074074074074073 0.03333333333333333 0.18888888888888888
0 0.55546875 0.1574074074074074 0.030208333333333334 0.15462962962962962
0 0.4947916666666667 0.15694444444444444 0.0265625 0.1527777777777778
0 0.478125 0.34953703703703703 0.030208333333333334 0.16018518518518518
0 0.51875 0.15092592592592594 0.023958333333333335 0.14537037037037037
0 0.9640625 0.5583333333333333 0.040625 0.18981481481481483
0 0.96484375 0.5157407407407407 0.03802083333333333 0.1037037037037037
0 0.21145833333333333 0.29814814814814816 0.03177083333333333 0.15648148148148147
0 0.7338541666666667 0.6615740740740741 0.03229166666666667 0.2074074074074074
0 0.7283854166666667 0.6638888888888889 0.04791666666666667 0.21481481481481482