0 0.43984375 0.5662037037037037 0.04010416666666667 0.19537037037037036
0 0.6044270833333333 0.5675925925925925 0.043229166666666666 0.22314814814814815
0 0.7072916666666667 0.5430555555555555 0.03854166666666667 0.19537037037037036
0 0.24869791666666666 0.5657407407407408 0.04479166666666667 0.19722222222222222
0 0.5309895833333333 0.5273148148148148 0.043229166666666666 0.19166666666666668
0 0.23125 0.43472222222222223 0.03697916666666667 0.16666666666666666
0 0.5111979166666667 0.4013888888888889 0.03229166666666667 0.15555555555555556
0 0.9567708333333333 0.3611111111111111 0.034895833333333334 0.1648148148148148
0 0.47213541666666664 0.39675925925925926 0.03177083333333333 0.17037037037037037
0 0.9 0.28055555555555556 0.028645833333333332 0.1361111111111111
0 0.12083333333333333 0.35138888888888886 0.03802083333333333 0.17962962962962964
0 0.7479166666666667 0.2023148148148148 0.028125 0.15555555555555556
0 0.5247395833333334 0.17777777777777778 0.029166666666666667 0.1574074074074074
0 0.41822916666666665 0.34074074074074073 0.03229166666666667 0.19074074074074074
0 0.859375 0.37824074074074077 0.03333333333333333 0.15092592592592594
0 0.4903645833333333 0.1912037037037037 0.027083333333333334 0.15185185185185185
0 0.7356770833333334 0.6638888888888889 0.030208333333333334 0.21666666666666667
0 0.21536458333333333 0.33240740740740743 0.027604166666666666 0.15648148148148147
0 0.21953125 0.2050925925925926 0.021875 0.1388888888888889
0 0.7328125 0.6685185185185185 0.04479166666666667 0.225
0 0.3302083333333333 0.7939814814814815 0.046875 0.19166666666666668
0 0.18385416666666668 0.19907407407407407 0.0296875 0.16111111111111112
0 0.8552083333333333 0.10046296296296296 0.026041666666666668 0.12314814814814815