0 0.5815104166666667 0.4726851851851852 0.043229166666666666 0.20462962962962963
0 0.7078125 0.5435185185185185 0.035416666666666666 0.18981481481481483
0 0.40963541666666664 0.7393518518518518 0.042708333333333334 0.22314814814814815
0 0.4393229166666667 0.6453703703703704 0.044270833333333336 0.20925925925925926
0 0.8768229166666667 0.2449074074074074 0.030208333333333334 0.13796296296296295
0 0.23046875 0.5162037037037037 0.044270833333333336 0.1925925925925926
0 0.33046875 0.7893518518518519 0.04479166666666667 0.19166666666666668
0 0.5205729166666667 0.5907407407407408 0.041666666666666664 0.20462962962962963
0 0.5135416666666667 0.35324074074074074 0.030729166666666665 0.15
0 0.9299479166666667 0.30694444444444446 0.0359375 0.16111111111111112
0 0.9625 0.5638888888888889 0.0453125 0.2074074074074074
0 0.41848958333333336 0.34074074074074073 0.03333333333333333 0.18888888888888888
0 0.15260416666666668 0.29305555555555557 0.03697916666666667 0.16203703703703703
0 0.20911458333333333 0.29814814814814816 0.028645833333333332 0.15462962962962962
0 0.8385416666666666 0.06805555555555555 0.022395833333333334 0.1175925925925926
0 0.478125 0.35462962962962963 0.026041666666666668 0.14907407407407408
0 0.7338541666666667 0.6625 0.034375 0.2101851851851852
0 0.72890625 0.6652777777777777 0.0484375 0.2175925925925926
0 0.49453125 0.15462962962962962 0.026041666666666668 0.15092592592592594
0 0.09973958333333334 0.33101851851851855 0.04375 0.17685185185185184
0 0.5546875 0.15231481481481482 0.030208333333333334 0.15555555555555556
0 0.22942708333333334 0.3541666666666667 0.03177083333333333 0.15462962962962962
0 0.5192708333333333 0.1486111111111111 0.0234375 0.14907407407407408