0 0.5791666666666667 0.4486111111111111 0.04114583333333333 0.20555555555555555
0 0.42578125 0.7583333333333333 0.0546875 0.23055555555555557
0 0.7075520833333333 0.5444444444444444 0.0359375 0.19166666666666668
0 0.8729166666666667 0.23333333333333334 0.03177083333333333 0.1398148148148148
0 0.22760416666666666 0.5041666666666667 0.03802083333333333 0.18611111111111112
0 0.9244791666666666 0.2972222222222222 0.033854166666666664 0.16203703703703703
0 0.5216145833333333 0.600462962962963 0.04114583333333333 0.20277777777777778
0 0.3307291666666667 0.787962962962963 0.04375 0.18981481481481483
0 0.5140625 0.3449074074074074 0.028645833333333332 0.15462962962962962
0 0.44479166666666664 0.6527777777777778 0.043229166666666666 0.19907407407407407
0 0.41848958333333336 0.3402777777777778 0.0328125 0.18796296296296297
0 0.47369791666666666 0.33564814814814814 0.027604166666666666 0.1675925925925926
0 0.9559895833333333 0.5356481481481481 0.04010416666666667 0.18611111111111112
0 0.23020833333333332 0.3449074074074074 0.033854166666666664 0.15648148148148147
0 0.734375 0.6611111111111111 0.03177083333333333 0.2101851851851852
0 0.7283854166666667 0.6625 0.049479166666666664 0.21851851851851853
0 0.47421875 0.3527777777777778 0.023958333333333335 0.13055555555555556
0 0.25104166666666666 0.14074074074074075 0.033854166666666664 0.15
0 0.5171875 0.1337962962962963 0.026041666666666668 0.14444444444444443
0 0.9856770833333334 0.5388888888888889 0.027083333333333334 0.16018518518518518
0 0.9557291666666666 0.29583333333333334 0.0265625 0.1675925925925926
0 0.20416666666666666 0.28703703703703703 0.030208333333333334 0.15555555555555556