0 0.5848958333333333 0.4888888888888889 0.04010416666666667 0.19814814814814816
0 0.4393229166666667 0.6180555555555556 0.040625 0.20092592592592592
0 0.7072916666666667 0.5444444444444444 0.035416666666666666 0.18518518518518517
0 0.5098958333333333 0.3680555555555556 0.03125 0.15555555555555556
0 0.8856770833333333 0.25277777777777777 0.027604166666666666 0.1388888888888889
0 0.5192708333333333 0.575462962962963 0.044270833333333336 0.20092592592592592
0 0.9385416666666667 0.32175925925925924 0.033854166666666664 0.16666666666666666
0 0.3307291666666667 0.7907407407407407 0.04479166666666667 0.19166666666666668
0 0.23776041666666667 0.5259259259259259 0.04114583333333333 0.18888888888888888
0 0.3932291666666667 0.7416666666666667 0.052083333333333336 0.2324074074074074
0 0.9666666666666667 0.5726851851851852 0.04010416666666667 0.2074074074074074
0 0.1453125 0.3111111111111111 0.04010416666666667 0.17777777777777778
0 0.5192708333333333 0.16018518518518518 0.028125 0.14537037037037037
0 0.8421875 0.07731481481481481 0.0234375 0.12314814814814815
0 0.4921875 0.16620370370370371 0.027083333333333334 0.15
0 0.41822916666666665 0.34074074074074073 0.03229166666666667 0.18981481481481483
0 0.97265625 0.3199074074074074 0.028125 0.1712962962962963
0 0.734375 0.6657407407407407 0.03177083333333333 0.2175925925925926
0 0.7294270833333333 0.6694444444444444 0.049479166666666664 0.22777777777777777
0 0.47682291666666665 0.36203703703703705 0.029166666666666667 0.1685185185185185
0 0.2328125 0.38287037037037036 0.0359375 0.15648148148148147
0 0.55625 0.1638888888888889 0.030729166666666665 0.14537037037037037