0 0.4395833333333333 0.5652777777777778 0.04114583333333333 0.19722222222222222
0 0.6052083333333333 0.5685185185185185 0.042708333333333334 0.2212962962962963
0 0.7072916666666667 0.5435185185185185 0.03958333333333333 0.19722222222222222
0 0.24869791666666666 0.5657407407407408 0.04375 0.1935185185185185
0 0.5114583333333333 0.40185185185185185 0.03177083333333333 0.15555555555555556
0 0.9580729166666667 0.3597222222222222 0.0359375 0.17037037037037037
0 0.53203125 0.5259259259259259 0.041666666666666664 0.19166666666666668
0 0.11875 0.35462962962962963 0.04010416666666667 0.18055555555555555
0 0.23151041666666666 0.4337962962962963 0.0359375 0.16574074074074074
0 0.9005208333333333 0.2810185185185185 0.028125 0.1361111111111111
0 0.47161458333333334 0.39537037037037037 0.030729166666666665 0.1685185185185185
0 0.41796875 0.3402777777777778 0.0328125 0.19074074074074074
0 0.86015625 0.37592592592592594 0.035416666666666666 0.14722222222222223
0 0.74921875 0.2023148148148148 0.029166666666666667 0.15648148148148147
0 0.5247395833333334 0.18055555555555555 0.0296875 0.1527777777777778
0 0.4903645833333333 0.19305555555555556 0.027604166666666666 0.1527777777777778
0 0.33046875 0.7944444444444444 0.046875 0.19074074074074074
0 0.21484375 0.3351851851851852 0.027604166666666666 0.1537037037037037
0 0.7354166666666667 0.662962962962963 0.0296875 0.21388888888888888
0 0.21953125 0.2050925925925926 0.021354166666666667 0.1361111111111111
0 0.73203125 0.6671296296296296 0.04375 0.2212962962962963
0 0.18359375 0.19907407407407407 0.027604166666666666 0.16018518518518518