0 0.5794270833333334 0.45046296296296295 0.0421875 0.20462962962962963
0 0.7078125 0.5435185185185185 0.0359375 0.18888888888888888
0 0.4200520833333333 0.7587962962962963 0.04739583333333333 0.23148148148148148
0 0.5221354166666666 0.6 0.04114583333333333 0.20277777777777778
0 0.925 0.300462962962963 0.034895833333333334 0.16018518518518518
0 0.8734375 0.2351851851851852 0.03333333333333333 0.1425925925925926
0 0.33125 0.7888888888888889 0.04375 0.1925925925925926
0 0.5135416666666667 0.34629629629629627 0.029166666666666667 0.1537037037037037
0 0.44244791666666666 0.6486111111111111 0.044270833333333336 0.2
0 0.9575520833333333 0.5398148148148149 0.040625 0.18611111111111112
0 0.22890625 0.5013888888888889 0.036458333333333336 0.175
0 0.47369791666666666 0.337037037037037 0.029166666666666667 0.17037037037037037
0 0.41848958333333336 0.3402777777777778 0.03333333333333333 0.18888888888888888
0 0.23072916666666668 0.34953703703703703 0.033854166666666664 0.14351851851851852
0 0.3770833333333333 0.712037037037037 0.030208333333333334 0.2
0 0.7346354166666667 0.6648148148148149 0.030729166666666665 0.21388888888888888
0 0.73046875 0.6689814814814815 0.04791666666666667 0.22777777777777777
0 0.9583333333333334 0.29907407407407405 0.023958333333333335 0.16666666666666666
0 0.9864583333333333 0.5268518518518519 0.0265625 0.12407407407407407