0 0.5794270833333334 0.4527777777777778 0.0421875 0.2064814814814815
0 0.7078125 0.5439814814814815 0.035416666666666666 0.18888888888888888
0 0.4192708333333333 0.7587962962962963 0.04635416666666667 0.22592592592592592
0 0.9268229166666667 0.30324074074074076 0.03697916666666667 0.16944444444444445
0 0.5223958333333333 0.5986111111111111 0.04114583333333333 0.20277777777777778
0 0.8734375 0.23703703703703705 0.03229166666666667 0.1398148148148148
0 0.51328125 0.34629629629629627 0.029166666666666667 0.15462962962962962
0 0.95859375 0.5458333333333333 0.04010416666666667 0.19907407407407407
0 0.2296875 0.5023148148148148 0.03802083333333333 0.17777777777777778
0 0.33098958333333334 0.7898148148148149 0.04479166666666667 0.1935185185185185
0 0.44140625 0.6449074074074074 0.044270833333333336 0.19722222222222222
0 0.4739583333333333 0.3388888888888889 0.0296875 0.1675925925925926
0 0.22994791666666667 0.3523148148148148 0.034895833333333334 0.15833333333333333
0 0.41848958333333336 0.34120370370370373 0.03229166666666667 0.18796296296296297
0 0.37734375 0.7138888888888889 0.030729166666666665 0.19907407407407407
0 0.7348958333333333 0.6657407407407407 0.03125 0.21388888888888888
0 0.7296875 0.6694444444444444 0.04895833333333333 0.22592592592592592
0 0.39791666666666664 0.07592592592592592 0.027604166666666666 0.14351851851851852
0 0.49296875 0.15231481481481482 0.027604166666666666 0.14537037037037037
0 0.9588541666666667 0.29907407407407405 0.024479166666666666 0.1638888888888889