0 0.52578125 0.5569444444444445 0.04114583333333333 0.19814814814814816
0 0.5916666666666667 0.5055555555555555 0.042708333333333334 0.21203703703703702
0 0.4393229166666667 0.6097222222222223 0.04114583333333333 0.2064814814814815
0 0.70703125 0.5444444444444444 0.03958333333333333 0.1925925925925926
0 0.88984375 0.2611111111111111 0.0296875 0.14351851851851852
0 0.9453125 0.33287037037037037 0.03697916666666667 0.17314814814814813
0 0.5096354166666667 0.37777777777777777 0.0296875 0.14814814814814814
0 0.33046875 0.7912037037037037 0.0453125 0.19074074074074074
0 0.24348958333333334 0.5402777777777777 0.0375 0.19166666666666668
0 0.5221354166666666 0.1625 0.027604166666666666 0.14351851851851852
0 0.7302083333333333 0.6680555555555555 0.050520833333333334 0.2222222222222222
0 0.8442708333333333 0.0824074074074074 0.023958333333333335 0.12129629629629629
0 0.3802083333333333 0.7342592592592593 0.0359375 0.23333333333333334
0 0.4903645833333333 0.17037037037037037 0.028125 0.15555555555555556
0 0.47734375 0.38564814814814813 0.025520833333333333 0.1259259259259259
0 0.41770833333333335 0.3416666666666667 0.03177083333333333 0.18703703703703703
0 0.23098958333333333 0.3902777777777778 0.0359375 0.16111111111111112
0 0.1359375 0.3282407407407407 0.035416666666666666 0.1675925925925926
0 0.10911458333333333 0.3138888888888889 0.0296875 0.16666666666666666
0 0.9752604166666666 0.5273148148148148 0.0421875 0.0824074074074074
0 0.7341145833333333 0.6638888888888889 0.0359375 0.21666666666666667
0 0.978125 0.33564814814814814 0.03333333333333333 0.1712962962962963
0 0.21119791666666668 0.31157407407407406 0.03125 0.15833333333333333
0 0.47630208333333335 0.3638888888888889 0.029166666666666667 0.1675925925925926