0 0.58359375 0.4791666666666667 0.0421875 0.2064814814814815
0 0.7075520833333333 0.5444444444444444 0.035416666666666666 0.18796296296296297
0 0.43776041666666665 0.6263888888888889 0.044270833333333336 0.2037037037037037
0 0.93515625 0.3175925925925926 0.033854166666666664 0.16574074074074074
0 0.5184895833333333 0.5745370370370371 0.04375 0.19444444444444445
0 0.51171875 0.3638888888888889 0.03177083333333333 0.15092592592592594
0 0.8833333333333333 0.24768518518518517 0.0265625 0.13796296296296295
0 0.23255208333333333 0.5226851851851851 0.0453125 0.18796296296296297
0 0.3307291666666667 0.7902777777777777 0.044270833333333336 0.19166666666666668
0 0.4010416666666667 0.7412037037037037 0.0421875 0.2351851851851852
0 0.9674479166666666 0.3189814814814815 0.03958333333333333 0.17685185185185184
0 0.9666666666666667 0.5666666666666667 0.03854166666666667 0.20277777777777778
0 0.14817708333333332 0.30694444444444446 0.04010416666666667 0.17685185185185184
0 0.49322916666666666 0.16157407407407406 0.027604166666666666 0.14814814814814814
0 0.5559895833333334 0.16342592592592592 0.030729166666666665 0.14907407407407408
0 0.5182291666666666 0.15185185185185185 0.0265625 0.14814814814814814
0 0.41822916666666665 0.34120370370370373 0.03229166666666667 0.18888888888888888
0 0.47708333333333336 0.3537037037037037 0.0296875 0.16574074074074074
0 0.8408854166666667 0.07407407407407407 0.022395833333333334 0.12314814814814815
0 0.7348958333333333 0.6652777777777777 0.033854166666666664 0.21388888888888888
0 0.7296875 0.6675925925925926 0.050520833333333334 0.21944444444444444
0 0.23463541666666668 0.36898148148148147 0.0359375 0.16296296296296298
0 0.21171875 0.30185185185185187 0.03125 0.16296296296296298